0.392392
0.264717
1.21089
1210
0.348646
0.261723
1.22026
1592
0.398999
0.224282
1.27829
1297
0.382884
0.220963
1.28547
1667
0.344096
0.400995
1.00729
1052
0.34423
0.393081
1.01998
1064
0.370164
0.367576
1.03998
1094
0.353927
0.36406
1.0475
22
0.525487
-0.0900626
1.3091
1709
0.466105
-0.0823228
1.32108
130
0.488465
-0.125221
1.29594
1692
-0.721524
-0.184662
2.07724
1756
-0.796143
-0.174907
2.06819
109
-0.704877
-0.221745
2.13801
1432
-0.8026
-0.222912
2.14963
1778
-0.480216
-0.338076
1.1989
1544
-0.479587
-0.343664
1.19568
1538
0.434883
-0.0958603
1.31413
1693
0.378279
-0.0863602
1.32103
1699
0.450036
-0.116846
1.30172
229
0.359705
-0.113313
1.30607
1668
0.209557
0.252044
1.25028
1604
0.165352
0.257052
1.24622
1602
0.219196
0.215094
1.31739
1680
0.15168
0.222389
1.31195
212
0.113585
-0.0782525
1.33246
1681
0.0880612
-0.0719593
1.33672
1326
0.116459
-0.131813
1.30171
138
0.0587603
-0.10888
1.31633
14
0.211236
-0.101577
1.3166
19
0.158581
-0.0827976
1.3287
136
0.230327
-0.140057
1.29407
1648
0.190987
-0.138445
1.296
21
-0.386796
0.382656
1.08938
168
-0.447325
0.384982
1.09144
1490
-0.421689
0.351374
1.14547
79
-0.457799
0.350689
1.15019
80
-0.0650637
-0.0964291
1.32664
1663
-0.091655
-0.104501
1.3227
47
-0.0556864
-0.120118
1.31283
1654
-0.105055
-0.134128
1.30607
1624
-0.143234
-0.150648
1.29759
99
-0.187897
-0.150427
1.29886
1607
-0.163325
-0.175114
1.2841
1603
-0.196048
-0.186367
1.27849
89
0.290742
-0.1672
1.27697
66
0.268302
-0.16343
1.27971
1639
0.2952
-0.192394
1.26243
1247
0.26073
-0.197804
1.26022
1625
0.409131
-0.146912
1.28556
1665
0.357168
-0.151483
1.28427
141
0.401231
-0.191197
1.2604
1649
0.356032
-0.173578
1.27165
65
0.503492
-0.163345
1.27372
1666
0.449492
-0.153446
1.28078
53
0.512339
-0.198936
1.25311
75
0.429582
-0.19497
1.25751
55
-0.510344
0.380924
1.1045
1051
-0.495597
0.357046
1.14323
44
-0.54943
0.35293
1.15547
1507
-0.424971
0.335668
1.17223
85
-0.443081
0.330023
1.18352
1533
-0.402118
0.317201
1.20105
1144
-0.476399
0.31386
1.21401
88
-0.285404
-0.144237
1.30491
96
-0.353675
-0.178098
1.28727
90
-0.0485803
-0.152634
1.29403
49
-0.28115
-0.0567886
1.35489
93
-0.345368
-0.0645276
1.3521
1640
-0.257594
-0.127683
1.31368
1608
-0.346259
-0.130099
1.31457
1595
-0.0780822
-0.0663135
1.34422
97
-0.159556
-0.0588419
1.35059
1304
-0.218036
-0.106703
1.32468
1641
-0.91286
-0.34773
2.32625
102
-0.455909
-0.177088
1.29047
1586
-0.876127
-0.0879141
1.92969
1752
-0.947575
-0.13088
2.00906
1401
-0.987699
-0.243449
2.20247
105
-0.983228
-0.206822
2.14039
1769
-0.62626
-0.0825461
1.87598
1393
-0.710293
-0.0968406
1.92833
1753
-0.423638
-0.123502
1.32033
1593
-0.323838
-0.411267
1.15297
1525
-0.237274
-0.427598
1.14139
338
-0.330442
-0.462746
1.12365
1506
-0.191921
-0.382002
1.16634
110
-0.131251
-0.458553
1.12094
1518
-0.15007
-0.443473
1.13006
115
-0.335176
-0.309218
1.2117
116
-0.246541
-0.335223
1.19453
1561
-0.332668
-0.326583
1.20169
1562
-0.158099
-0.367096
1.17401
118
-0.482129
-0.41537
1.15468
1512
-0.413029
-0.455932
1.12967
1504
-0.481845
-0.441418
1.141
122
-0.470749
-0.306054
1.21699
27
-0.488485
-0.309599
1.21542
1563
0.47568
-0.196939
1.2552
76
0.421071
-0.207439
1.25058
1248
0.481757
-0.077559
1.32341
129
0.453783
-0.068273
1.32945
1712
0.11039
-0.156657
1.28764
133
-0.0415668
-0.150048
1.29533
1610
0.232285
-0.158526
1.28344
135
0.282984
-0.208965
1.25325
1609
0.111395
-0.0752249
1.33425
373
0.0509578
-0.0690525
1.33934
1694
-0.000244163
-0.127517
1.30717
17
0.294929
-0.0778308
1.32805
139
0.226654
-0.0709645
1.33373
1328
0.272718
-0.0778632
1.3286
140
0.384822
-0.429573
1.12429
1577
0.375723
-0.444074
1.11622
1570
0.356511
-0.458196
1.10863
1564
0.502513
-0.466648
1.10004
1578
0.095441
-0.433238
1.12962
1539
-0.0464759
-0.446031
1.12594
114
0.262482
-0.452667
1.11421
1552
0.116166
-0.449717
1.11965
1536
-0.238673
0.325732
1.17055
1130
-0.395379
0.333761
1.17252
1529
-0.237212
0.298601
1.21606
1580
-0.408826
0.28598
1.25426
1581
-0.206043
0.344285
1.1361
157
-0.110221
0.299577
1.20188
152
-0.214082
0.308607
1.19694
1572
-0.268642
0.414345
1.02437
1002
-0.364109
0.41477
1.03309
1001
-0.264896
0.379997
1.08181
156
-0.383127
0.349203
1.14532
37
-0.215868
0.367586
1.09785
1502
-0.579019
0.317535
1.22701
1554
-0.66088
0.339999
1.18824
1519
-0.505168
0.344491
1.1653
161
-0.430817
0.300709
1.23164
1573
-0.531401
0.395893
1.08138
165
-0.629318
0.397294
1.0887
1479
-0.562223
0.354005
1.17057
1461
-0.644255
0.358684
1.15516
1069
-0.427777
0.399683
1.06477
169
-0.479835
0.406376
1.05865
1006
-0.0469682
0.0920087
1.43409
1729
-0.151867
0.113971
1.44936
170
-0.254731
0.258419
1.28542
149
-0.35725
0.234009
1.33663
62
-0.37648
0.198198
1.3988
64
-0.162924
0.233675
1.32304
1650
-0.163681
0.191633
1.38883
177
-0.752586
0.122838
1.56279
1736
-0.790272
0.118427
1.56635
1366
-0.743964
0.0108475
1.75042
1748
-0.890445
0.0179628
1.75291
1746
-0.526037
0.110908
1.56049
1742
-0.578012
0.135176
1.52478
1734
-0.544284
0.0292685
1.69969
1744
-0.602787
0.0042233
1.73232
1386
-0.659567
0.201609
1.42102
1310
-0.76407
0.23967
1.36923
1626
-0.699879
0.161628
1.4923
186
-0.763296
0.174263
1.4773
1720
-0.498188
0.226299
1.36353
1642
-0.580076
0.227073
1.37237
1655
-0.443128
0.199031
1.40468
333
-0.538222
0.200051
1.41188
189
0.391745
0.335861
1.09122
1132
0.296901
0.328849
1.11239
197
0.379992
0.3045
1.14516
1579
0.341433
0.299306
1.15772
84
0.334353
0.413588
0.966077
1480
0.288082
0.397028
0.998519
1043
0.38959
0.422652
0.948136
1008
0.387545
0.395143
1.01265
32
0.0793484
0.329444
1.13288
327
-0.0347784
0.323895
1.1535
1545
0.0778905
0.273675
1.23645
1587
-0.0140695
0.299831
1.20299
1189
0.230182
0.355087
1.09158
206
0.160891
0.32134
1.13847
1159
0.244174
0.266268
1.22293
5
0.163653
0.278827
1.20974
1584
0.0479041
0.405173
1.00854
1022
-0.0549011
0.40916
1.01198
1478
0.0507303
0.371376
1.06514
277
-0.0476213
0.381425
1.05794
159
0.179707
0.397958
1.00766
1486
0.132881
0.411753
0.989069
1016
0.172031
0.36063
1.07124
502
0.14043
0.381097
1.03992
276
0.545487
0.112647
1.4517
425
0.490172
0.153727
1.39077
345
0.538632
0.0749778
1.40931
1737
0.395917
0.272011
1.19827
57
0.490919
0.153283
1.39141
209
0.160909
0.0822948
1.4232
1730
-0.0321848
0.0116259
1.38768
1713
0.376409
0.0637012
1.40702
1732
0.0801342
0.215078
1.33033
1675
-0.0242481
0.217565
1.33603
1311
0.155382
0.188489
1.36604
214
0.0219345
0.206283
1.34986
289
0.244735
0.265927
1.22344
343
0.359551
0.161189
1.39092
1726
0.256428
0.181231
1.36831
1362
-0.350595
0.0674414
1.42782
1716
0.433099
-0.0968718
1.3136
1695
0.379736
-0.0862411
1.32106
384
0.430357
-0.108734
1.30688
1684
0.360027
-0.114781
1.30522
1669
0.525487
-0.0900626
1.3091
1710
0.464707
-0.0809994
1.32188
518
0.451788
-0.114531
1.30301
1685
-0.392673
0.38046
1.09365
1492
-0.146846
-0.147617
1.29942
1238
-0.188525
-0.148948
1.29973
1231
-0.166206
-0.175275
1.28408
325
-0.197045
-0.185933
1.27876
280
0.321678
-0.149406
1.28637
1657
0.268302
-0.16343
1.27971
1643
0.319551
-0.171736
1.27364
1644
0.261194
-0.188247
1.26568
1627
-0.479747
0.37466
1.12607
78
-0.503165
0.377197
1.11006
1496
-0.538641
0.36353
1.14941
1503
0.409386
-0.14955
1.28404
231
0.357928
-0.149695
1.28528
379
0.400716
-0.191197
1.26041
1651
0.347639
-0.196984
1.25846
258
0.507478
-0.156738
1.2774
407
0.44596
-0.152122
1.28163
233
0.507641
-0.18091
1.26356
250
0.428254
-0.202087
1.25346
1634
-0.409922
0.329252
1.18154
1122
-0.437731
0.344501
1.1706
1522
-0.414679
0.31812
1.20075
1146
-0.472247
0.306339
1.22626
1155
0.516292
-0.446072
1.11147
275
0.246881
0.0854961
1.42282
211
0.160383
0.08285
1.42353
1731
-0.0337593
0.0116016
1.38771
1714
-0.21367
0.385105
1.06815
155
-0.216266
0.366115
1.10037
1068
-0.151731
0.111721
1.44807
266
0.0922359
-0.432449
1.13016
1141
-0.0473014
-0.446719
1.12556
278
-0.572675
0.319563
1.21393
1139
-0.594584
0.268514
1.302
312
-0.202569
-0.360424
1.17897
1555
-0.431203
-0.177666
1.28951
1200
-0.819256
-0.324171
2.32169
1799
0.42455
0.129445
1.44343
1741
-0.656089
0.197958
1.42683
1318
-0.769453
0.240762
1.38523
1462
0.375674
-0.445231
1.11556
270
0.354695
-0.458159
1.1087
1565
-0.335836
-0.310789
1.21082
330
-0.248265
-0.335775
1.19426
331
-0.322241
-0.345364
1.19067
332
-0.324657
-0.412997
1.152
1523
-0.310949
-0.420473
1.14736
111
0.383837
0.420884
0.947526
1477
0.381123
0.390113
1.00096
1494
-0.286009
-0.143328
1.30545
389
-0.354089
-0.178542
1.28703
281
-0.479549
-0.412923
1.15601
120
-0.407701
-0.454699
1.13024
1505
-0.478763
-0.412561
1.1562
315
0.110434
-0.155763
1.28815
273
-0.0430384
-0.150052
1.29536
1611
-0.0931835
0.333113
1.14375
453
-0.109866
0.298943
1.20291
308
-0.17499
0.276252
1.24753
154
-0.499604
0.123665
1.5364
180
-0.630341
0.110265
1.5646
292
-0.543535
0.0273482
1.70284
1745
-0.600767
0.00673279
1.7281
1387
0.210081
0.254532
1.25491
1234
0.360292
0.160737
1.39157
1727
0.221537
0.189022
1.35904
1721
-0.0351894
0.324781
1.15205
1546
-0.0149832
0.299483
1.20363
1190
-0.264085
0.347947
1.13567
306
-0.381684
0.347354
1.14829
1104
-0.108201
0.258042
1.27883
310
-0.16544
0.216519
1.35082
1676
-0.0453246
0.192877
1.37763
1715
-0.532439
0.396164
1.08103
381
-0.627879
0.396542
1.08982
1481
-0.646159
0.378257
1.1224
1493
0.21166
0.323938
1.12908
1161
0.156789
0.319417
1.14211
326
0.242835
0.265158
1.22493
494
0.139894
0.307763
1.16339
459
-0.753884
0.12084
1.56628
294
-0.793067
0.123161
1.56624
7
-0.744793
0.0103932
1.75126
296
-0.834745
0.0499178
1.68048
1384
0.203269
0.377687
1.03945
500
0.0929953
0.398906
1.01463
1028
0.203083
0.378265
1.03849
352
-0.776897
-0.0685819
1.88735
1750
-0.961268
-0.101947
1.93608
1398
-0.868811
-0.13542
2.00892
1754
-0.989168
-0.247496
2.20943
284
-0.239642
0.325418
1.17117
1127
-0.362483
0.330062
1.17549
50
-0.307244
0.25868
1.29629
350
-0.256917
0.246142
1.3063
367
-0.355721
0.233989
1.33651
241
-0.327765
0.193556
1.40276
173
-0.374616
0.198206
1.39965
1701
0.00446448
0.393794
1.03198
1487
-0.0142375
0.420448
1.00932
1014
0.0513167
0.37423
1.07745
442
-0.0474872
0.380671
1.0592
1060
-0.157077
-0.368934
1.17293
267
-0.131671
-0.458544
1.12096
1520
-0.148645
-0.445513
1.12886
279
-0.468281
-0.306829
1.21649
301
-0.489006
-0.309209
1.21565
1566
-0.48039
-0.316177
1.21144
1556
-0.49954
0.233323
1.35486
1628
-0.540394
0.200074
1.41204
334
-0.440978
0.199008
1.40452
188
-0.572641
0.143901
1.50956
190
0.383557
0.223801
1.28815
475
0.488447
0.156255
1.38687
1368
0.0780497
0.215451
1.32992
1677
-0.0291629
0.21879
1.33452
298
0.0207376
0.205814
1.35072
423
-0.417905
-0.0760455
1.34737
1612
-0.626321
-0.0802969
1.87022
1394
-0.421458
-0.0958759
1.3361
1605
-0.699421
-0.223276
2.14005
1780
-0.08058
-0.0668014
1.344
368
-0.161686
-0.059109
1.35049
98
-0.0631634
-0.0939982
1.32798
1664
-0.218696
-0.128597
1.31216
1629
-0.048561
-0.153532
1.29351
324
-0.281621
-0.0578067
1.35431
1658
-0.379021
-0.0788115
1.34478
363
-0.258478
-0.126744
1.31424
388
-0.346505
-0.13148
1.31379
1596
0.0967154
-0.0665438
1.3396
1686
0.0526965
-0.0816253
1.33209
534
0.00325457
-0.137476
1.30138
1246
0.346361
0.412075
0.967438
1482
0.331668
0.382425
1.01879
225
0.234076
0.377573
1.0366
203
0.389537
0.323461
1.11231
260
0.300002
0.327737
1.11396
1158
0.381082
0.294093
1.16257
262
0.34269
0.30018
1.15612
263
0.224645
-0.14671
1.29041
1652
0.287387
-0.207451
1.25401
259
0.271731
-0.0778646
1.32863
378
0.226582
-0.0719734
1.33316
1327
0.291441
-0.0812626
1.32617
482
0.189465
-0.139355
1.29552
240
-0.485129
0.320365
1.20393
1133
-0.428308
0.298642
1.23487
391
-0.503401
0.262902
1.30772
164
-0.385286
0.382369
1.08971
396
0.471262
-0.206738
1.2497
251
0.423532
-0.209463
1.24936
235
-0.35256
0.0668589
1.42753
1718
0.112598
-0.451068
1.11897
1537
0.400038
-0.159429
1.27862
1659
0.356566
-0.149299
1.28554
1660
0.415995
-0.181099
1.2658
1277
0.354295
-0.176205
1.27019
548
0.505208
-0.155982
1.2779
1670
0.446782
-0.153721
1.28069
408
0.501196
-0.163504
1.27369
1293
0.445397
-0.194569
1.25733
410
-0.145493
-0.149811
1.29813
1239
-0.189784
-0.14906
1.2997
445
-0.168397
-0.185286
1.2784
1209
-0.20216
-0.182461
1.28088
1213
-0.426808
0.335351
1.17294
525
-0.459781
0.337704
1.17224
1524
-0.430475
0.2994
1.23381
1180
-0.473047
0.309064
1.22175
247
0.096174
-0.43653
1.12772
411
-0.049301
-0.447551
1.12514
430
-0.923217
-0.356145
2.34072
1457
-0.98812
-0.247481
2.2093
428
-0.0259424
0.215963
1.33876
1322
0.153584
0.186679
1.36911
424
-0.163687
-0.369421
1.17282
581
-0.214545
0.386109
1.06655
303
-0.209201
0.346399
1.13285
1105
0.373953
-0.446457
1.1149
552
0.351232
-0.457079
1.1094
1162
-0.790808
0.120582
1.56293
295
-0.810667
-0.0132558
1.79757
1389
-0.897995
-0.0223442
1.82149
1749
-0.495534
-0.457748
1.17739
1466
-0.453533
-0.176208
1.29092
287
-0.248375
-0.33486
1.19479
480
-0.330959
-0.324298
1.20296
481
0.0782982
0.329803
1.13238
443
0.0708456
0.261244
1.25706
1228
-0.0143257
0.296408
1.19774
1191
-0.740348
0.153467
1.51003
474
-0.108
0.260354
1.2751
565
-0.165177
0.232717
1.32478
1653
0.252767
0.213414
1.31697
1338
0.210505
0.25262
1.25794
1613
0.366011
0.163199
1.38709
603
0.252926
0.179134
1.372
358
1.90184
-1.08178
3.24359
1460
0.513928
-0.439877
1.11508
1185
0.488718
0.152688
1.39257
1374
0.373598
0.402431
0.986233
1037
0.384905
0.390481
0.999972
1055
-0.0940244
0.334494
1.14151
323
-0.213177
0.336803
1.1494
305
-0.111306
0.296695
1.20683
448
-0.17538
0.276595
1.24699
349
-0.320307
-0.367295
1.17806
582
-0.313215
-0.419786
1.14781
337
-0.502197
0.122527
1.53857
1377
-0.628999
0.109004
1.5665
455
-0.315449
-0.140973
1.30755
1217
-0.377777
-0.175962
1.28911
286
0.384104
0.223692
1.28827
1671
0.445304
0.123564
1.44337
426
-0.624195
-0.0837203
1.87571
1395
-0.419296
-0.0777838
1.34641
1614
-0.70432
-0.228845
2.1499
1439
-0.238309
0.325067
1.17163
347
-0.265873
0.387031
1.07007
1035
-0.361103
0.384873
1.08311
395
-0.265835
0.346786
1.1378
1514
-0.317099
0.358145
1.12374
1093
-0.216072
-0.363847
1.17736
1154
-0.146768
-0.443446
1.12999
431
0.133328
0.411533
0.989395
1017
0.0925229
0.398896
1.01469
1030
0.203597
0.378368
1.03827
626
-0.357578
0.232633
1.33898
512
-0.328713
0.195267
1.4001
242
0.109753
-0.157908
1.28694
457
0.00316786
-0.138041
1.30105
1251
0.20924
0.324744
1.14225
628
0.181557
0.313384
1.14981
493
0.243975
0.26562
1.22404
598
0.164482
0.290546
1.18994
1198
0.333169
0.41216
0.968598
1484
0.338488
0.372961
1.03404
542
0.23293
0.377599
1.03667
351
-0.544306
0.200116
1.41234
467
-0.443128
0.199031
1.40468
466
-0.574709
0.143435
1.51055
335
-0.104451
-0.0617478
1.34751
1305
-0.162562
-0.0610631
1.34939
369
-0.0934862
-0.105724
1.32204
506
-0.533193
0.395883
1.08158
538
0.0472612
0.403994
1.01058
1023
-0.0124664
0.398425
1.02586
1031
0.0530536
0.369905
1.06738
1080
-0.0520528
0.38162
1.05805
451
-0.781881
-0.0726416
1.89467
1392
-0.964491
-0.102913
1.93793
1399
-0.987217
-0.211614
2.14885
1773
0.270148
-0.0812949
1.3267
483
0.210341
-0.100643
1.31716
238
-0.467131
-0.283252
1.22996
1574
-0.48663
-0.341626
1.19703
1149
0.390889
0.333581
1.09514
543
0.302309
0.329474
1.12601
1163
0.38484
0.296244
1.15858
1193
0.341341
0.299845
1.15682
522
-0.281483
-0.0582604
1.35405
386
-0.391956
-0.0707145
1.34975
1630
-0.262686
-0.126199
1.31466
529
-0.0496861
-0.155152
1.29261
486
0.0954559
-0.067156
1.33928
1687
0.0286503
-0.0641936
1.34269
1688
0.110066
-0.0780998
1.33264
533
-0.00160198
-0.0995417
1.32323
1295
-0.960355
-0.666359
2.17761
1464
0.287549
-0.166946
1.2772
404
0.19044
-0.141523
1.29425
485
0.261899
-0.199164
1.25941
1631
0.461785
-0.0822755
1.32122
1703
0.375345
-0.0879475
1.32019
521
-0.509778
0.346601
1.17391
223
-0.450873
0.263143
1.29685
1588
-0.502804
0.260652
1.30617
393
-0.497414
0.39863
1.07342
537
-0.425325
0.355464
1.15184
254
-0.478693
0.374911
1.12557
221
0.422324
-0.209975
1.2491
550
0.400512
-0.205889
1.252
1635
-0.152829
0.108356
1.44617
413
-0.277122
0.137299
1.46594
1728
0.115022
-0.44867
1.12028
1135
0.523578
-0.203485
1.25022
417
-0.440848
-0.434106
1.14289
1511
-0.479331
-0.409313
1.15808
556
-0.797357
-0.17671
2.07135
366
-0.451202
-0.175028
1.29153
562
0.509796
-0.438036
1.11624
1187
0.357365
0.165127
1.3848
1725
0.249748
0.17967
1.37144
491
-0.594148
0.322704
1.22012
1553
-0.660883
0.245149
1.34788
1219
-0.666225
0.267432
1.3109
313
-0.654668
0.199787
1.42361
1689
-0.70162
0.161644
1.49244
320
-0.737675
0.153297
1.51005
1363
-0.23933
0.324626
1.17247
1136
-0.364641
0.329925
1.17593
524
-0.307093
0.256926
1.29909
588
-0.0837765
0.328482
1.15062
1540
-0.214656
0.335459
1.1518
434
-0.105763
0.258472
1.27791
772
-0.174371
0.275122
1.24937
587
-0.501428
0.123376
1.53707
454
-0.606621
0.010313
1.73775
293
0.541212
0.114729
1.44862
669
0.418945
0.138064
1.42253
1378
0.182803
0.314592
1.14766
1178
0.142194
0.305566
1.16686
554
0.245711
0.262708
1.22877
766
0.188168
0.270203
1.22184
1206
-0.532309
0.394789
1.08333
656
-0.55213
0.35397
1.15399
658
-0.643735
0.357335
1.15737
1073
-0.251271
-0.337624
1.19328
590
-0.336006
-0.313137
1.20948
479
0.391537
0.335457
1.09192
1142
0.29859
0.322248
1.12334
704
0.30322
0.294725
1.1692
1196
0.0474457
0.403349
1.01165
1025
-0.0527332
0.373442
1.07188
566
0.289077
0.396118
0.999952
1049
0.349595
0.37618
1.04662
1095
0.230046
0.377778
1.03665
625
0.395054
0.217481
1.29723
695
0.485813
0.156193
1.38721
1369
0.448859
0.161839
1.34045
1471
-0.26416
0.346414
1.13826
1515
-0.357945
0.342363
1.15434
546
-0.436891
0.194299
1.41133
1336
-0.542352
0.201935
1.40923
608
-0.575161
0.141696
1.51352
468
-0.487365
-0.34072
1.19757
1150
-0.15989
-0.369395
1.17274
568
-0.127969
-0.422021
1.14178
1532
-0.150228
-0.436856
1.13385
1527
-0.258779
0.245609
1.31277
509
-0.329253
0.193719
1.40264
1345
-0.410131
-0.0714726
1.34979
1616
-0.624195
-0.0837203
1.87571
1396
-0.417626
-0.0756974
1.34756
1617
-0.708056
-0.227588
2.14816
1440
0.0681934
0.325499
1.14062
1547
-0.0494449
0.323789
1.15512
1548
-0.0452335
0.274501
1.24655
564
-0.105502
-0.0641517
1.34616
1306
-0.166517
-0.0617699
1.34909
615
-0.0948554
-0.107077
1.3213
617
-0.223357
-0.061835
1.35051
636
0.111135
-0.157904
1.28691
591
-0.00102389
-0.130875
1.30527
654
-0.286986
-0.143218
1.30554
1598
-0.379031
-0.175434
1.28945
436
0.0410122
-0.0654342
1.34167
1337
0.110781
-0.0780988
1.33262
651
0.000740973
-0.101037
1.32231
376
-0.0552701
-0.154522
1.29312
605
-0.168501
-0.152252
1.29732
487
0.180004
0.39822
1.00719
1040
0.0959452
0.400792
1.01116
1027
0.20638
0.377209
1.03995
1500
0.146669
0.379584
1.04185
1070
-0.473131
0.309469
1.22108
1567
-0.452236
0.263124
1.29701
1589
-0.504377
0.262329
1.30873
526
0.266927
-0.0785855
1.32834
1330
0.204127
-0.10103
1.31709
1679
-0.285215
-0.057676
1.35448
637
-0.281278
-0.119565
1.31894
530
-0.383714
-0.0746408
1.34729
618
0.446251
-0.14581
1.28523
1672
0.355653
-0.176201
1.27015
660
0.461653
-0.212856
1.24644
661
0.340409
-0.192705
1.26109
1254
0.287794
-0.165039
1.27829
640
0.191408
-0.138263
1.2961
624
0.287018
-0.202547
1.25683
642
0.446805
-0.117162
1.30163
743
0.428467
-0.103991
1.30964
1690
-0.385158
0.381756
1.09073
545
-0.498065
0.397579
1.07525
1485
-0.422755
0.351788
1.14488
547
-0.480128
0.373632
1.12776
539
-0.041513
0.247618
1.28937
1618
0.243391
0.08769
1.42417
401
0.383623
0.391528
0.998337
1056
-0.79292
0.119493
1.5724
671
-0.166681
0.194258
1.38668
574
-0.155269
0.109976
1.44716
672
-0.217187
0.387757
1.06404
558
0.0973121
-0.437999
1.12685
677
0.373727
-0.44452
1.11602
674
0.512526
-0.199487
1.25279
776
-0.219249
-0.347613
1.18674
1557
-0.226693
-0.369145
1.1746
1152
-0.921881
-0.35161
2.33332
1458
-0.238045
0.322166
1.17649
1541
-0.365059
0.330359
1.17525
629
0.393853
0.331816
1.09782
767
0.29498
0.323343
1.12185
1558
0.138488
0.300927
1.17503
850
0.158381
0.315997
1.14771
705
0.191446
0.270275
1.22139
1207
0.0243108
0.382011
1.04985
1066
-0.0523617
0.383365
1.05514
1495
0.0523289
0.368569
1.06971
765
-0.106276
-0.0634518
1.34658
1307
-0.179353
-0.0653191
1.34739
801
-0.093935
-0.108692
1.32036
711
-0.28501
-0.0593695
1.35351
733
-0.694663
0.170139
1.49546
1723
-0.70232
0.163333
1.48967
473
-0.503099
0.121939
1.53965
583
-0.58205
0.0939793
1.59451
1743
-0.60415
0.00946427
1.72403
456
-0.25135
-0.336966
1.19366
778
-0.330871
-0.324854
1.20264
572
-0.263975
0.343474
1.14319
1517
-0.358359
0.342782
1.15368
665
-0.25382
0.239704
1.31683
1619
-0.376298
0.197109
1.40062
712
-0.334007
0.192359
1.40526
687
-0.285128
-0.144789
1.30459
1600
-0.356249
-0.175488
1.28883
706
0.208103
0.376347
1.04123
1501
0.0983665
0.401404
1.02945
1046
0.185744
0.357848
1.07457
703
-0.423425
-0.0533519
1.36051
1636
-0.412948
-0.0732902
1.34882
1242
-0.706654
-0.222702
2.13979
1441
-0.160499
-0.371308
1.17166
717
-0.125378
-0.423066
1.14111
779
-0.150871
-0.437647
1.13342
718
-0.441755
0.197179
1.40753
607
-0.549871
0.199068
1.41454
713
-0.571261
0.143755
1.50967
609
0.290583
-0.0835883
1.32486
730
0.204261
-0.100349
1.31748
820
0.1116
-0.0789236
1.33213
738
0.00322675
-0.103646
1.32075
741
-0.226614
-0.0643666
1.34915
732
-0.357188
-0.0625014
1.35357
1264
-0.281991
-0.119567
1.31895
639
-0.387262
-0.0796573
1.34451
719
0.319891
-0.164178
1.27796
749
0.193642
-0.141384
1.29425
731
0.289955
-0.204746
1.25549
751
0.132714
-0.158728
1.28588
1252
0.00217347
-0.135289
1.30266
834
-1.00458
-0.575147
2.13602
1474
-0.0569021
-0.156077
1.29227
691
-0.14159
-0.149433
1.29824
1620
-0.173535
-0.184764
1.27883
1214
0.433967
-0.105705
1.30852
839
0.371254
-0.0824798
1.32343
840
-0.429377
0.302159
1.22906
630
-0.495858
0.334367
1.18142
747
-0.450566
0.260788
1.30621
1591
-0.503318
0.262842
1.30781
631
0.437813
-0.147794
1.28431
1299
0.366427
-0.166429
1.27547
1288
0.460288
-0.210239
1.24797
837
0.417485
-0.199328
1.25532
1260
-0.385735
0.381264
1.09162
1491
-0.478738
0.372028
1.1302
745
-0.433077
0.337445
1.17004
844
-0.459381
0.345749
1.15866
759
0.251379
0.179048
1.37228
604
0.153477
0.187279
1.36816
667
0.243642
0.0837534
1.42191
551
0.485835
0.148517
1.39954
696
0.43519
0.1369
1.44743
697
0.0790956
0.331214
1.12993
1151
0.381387
0.401277
0.987013
1489
0.229784
0.376712
1.03847
1078
-0.636131
0.109507
1.57372
584
-0.162056
0.189772
1.3918
440
-0.152983
0.103201
1.44323
769
-0.531841
0.378587
1.11055
1050
-0.6609
0.248771
1.34503
580
-0.216934
0.385353
1.06806
1042
-0.176562
0.272812
1.25348
773
0.513486
-0.438617
1.11581
1188
0.384468
-0.437864
1.11955
1571
0.504154
-0.172699
1.26835
760
-0.320567
-0.349521
1.18824
1549
-0.787119
-0.178354
2.0426
1408
-0.452473
-0.175672
1.2912
437
-0.597407
0.199574
1.41814
791
-0.704824
0.161336
1.49328
594
-0.507677
0.122871
1.53854
1739
-0.539156
0.112654
1.59284
1472
-0.608061
0.0106509
1.73732
690
-0.441205
0.194794
1.41092
1339
-0.549871
0.199068
1.41454
816
-0.570439
0.140372
1.51528
1733
-0.18838
-0.375308
1.17008
794
-0.132763
-0.417759
1.14434
1535
0.344911
0.391078
1.02313
1067
0.232479
0.37532
1.04055
1082
0.375932
0.338825
1.0878
797
0.230024
0.357856
1.08715
702
-0.525391
0.377225
1.11221
812
-0.590675
0.360671
1.11254
1473
-0.551766
0.353474
1.15479
748
0.179205
0.309164
1.15715
1575
0.158215
0.316852
1.14628
1568
0.252697
0.265362
1.23356
1225
0.189276
0.270894
1.22056
1590
-0.0579999
-0.152355
1.29443
868
-0.170552
-0.180371
1.28127
806
-0.462683
-0.310141
1.21445
716
-0.430864
0.301068
1.23104
726
-0.481633
0.313559
1.22436
857
-0.504933
0.260322
1.312
727
-0.243277
-0.150321
1.30035
1230
-0.304331
-0.141072
1.30721
1601
-0.317754
-0.353087
1.18613
864
-0.224251
-0.416094
1.14764
1530
-0.325653
-0.414228
1.15132
1521
0.220756
-0.156011
1.28518
916
0.194721
-0.140444
1.29476
826
0.284977
-0.162208
1.27998
1274
-0.16679
-0.0653039
1.34707
822
-0.38493
-0.0528863
1.35978
1267
-0.266865
-0.124504
1.31574
803
-0.384504
-0.0836469
1.34216
830
0.273342
-0.082631
1.32586
819
0.196841
-0.101528
1.317
892
0.435328
-0.148739
1.28384
921
0.135323
-0.158699
1.28583
1255
0.00280128
-0.134621
1.30302
1637
0.443177
-0.150937
1.28238
835
0.363543
-0.167697
1.27482
836
0.469597
-0.206744
1.24974
549
0.34171
-0.194799
1.25986
838
0.105078
-0.0807554
1.33125
1683
-0.00896284
-0.0735257
1.33831
895
-0.36114
0.363864
1.11847
756
-0.475648
0.372534
1.1291
811
-0.371317
0.328939
1.17825
758
-0.461632
0.345199
1.15981
813
0.253551
0.17757
1.37446
763
-0.026391
0.217573
1.33621
1315
0.482239
0.151299
1.39541
787
0.432965
0.136906
1.44749
788
-0.0527197
0.381736
1.05792
1497
-0.0178052
0.2965
1.20868
1192
0.374109
0.389439
1.00279
1062
0.297652
0.297362
1.16531
888
-0.638047
0.106802
1.57846
680
-0.0683808
0.193618
1.37858
1706
-0.335602
0.196784
1.39831
855
-0.151862
0.103199
1.4432
856
-0.366429
0.336167
1.16561
843
-0.179043
0.275569
1.25726
860
-0.306832
0.251683
1.30191
1221
0.373271
-0.426969
1.12608
1576
0.516916
-0.100921
1.30913
936
0.500358
-0.174881
1.2672
937
-0.492357
-0.340968
1.19755
1153
-0.338963
-0.313491
1.20935
715
-0.421868
-0.0784478
1.34609
1243
-0.797417
-0.18442
2.08433
1409
-0.711578
-0.228654
2.1503
1442
-0.174237
-0.0665221
1.34657
882
0.096929
-0.422042
1.136
869
-0.435756
-0.175745
1.29072
790
-0.714617
-0.217138
2.13122
1443
-0.448741
-0.171357
1.29357
940
-0.374597
0.201249
1.39348
879
-0.428201
-0.0537706
1.36039
1266
-0.398739
-0.0812737
1.34388
944
-0.131705
-0.15032
1.29748
890
-0.179847
-0.183681
1.27961
899
0.248296
0.188517
1.35737
941
0.166046
0.191582
1.36008
1719
0.435943
-0.108007
1.30715
901
0.356283
-0.108168
1.3091
902
0.271564
-0.0873505
1.3232
891
0.161201
-0.0875306
1.32593
906
0.0904112
-0.0755135
1.33463
1324
0.0416246
-0.0806131
1.33296
956
-0.287489
-0.0666617
1.34939
883
-0.354567
-0.0739982
1.34691
911
-0.242159
-0.0649861
1.34919
1281
-0.354933
-0.0715857
1.3483
828
-0.254362
-0.336668
1.19391
894
-0.329865
-0.325676
1.20214
938
-0.210758
-0.3862
1.16442
1138
-0.328344
-0.368792
1.17741
1137
0.0496252
-0.122629
1.30869
907
0.00580276
-0.136414
1.30192
935
0.284922
-0.155824
1.28364
915
0.274971
-0.201441
1.25777
961
0.404803
-0.15825
1.27917
1662
0.361013
-0.168798
1.27426
922
0.397517
-0.20098
1.25489
924
0.334689
-0.193542
1.26076
978
-0.396627
0.361917
1.12525
909
-0.374364
0.331944
1.1735
910
-0.466178
0.346712
1.15771
918
0.0199978
0.208708
1.34614
1698
0.239768
0.0859701
1.42328
1372
0.476929
0.158136
1.38492
1371
0.475149
0.148055
1.40127
953
0.181329
0.358999
1.07307
847
0.0512712
0.370437
1.06667
1085
0.244526
0.261082
1.23162
982
0.378987
0.34204
1.08208
885
0.230007
0.378148
1.05457
1088
0.302646
0.294555
1.16954
983
-0.566168
0.142879
1.51064
817
-0.712249
0.161889
1.49308
793
-0.530318
0.109495
1.55655
1380
-0.636278
0.1057
1.58014
853
-0.171595
0.195036
1.38589
854
-0.154638
0.104594
1.44407
932
-0.598195
0.366701
1.13711
1071
-0.479814
0.312727
1.22552
920
-0.660071
0.241114
1.35725
934
-0.319915
0.360335
1.12034
908
-0.17644
0.271679
1.25537
871
-0.379936
0.239085
1.3345
1622
0.516738
-0.200531
1.25209
993
-0.48918
-0.340606
1.19768
1550
-0.340586
-0.315119
1.20846
863
-0.164379
-0.375142
1.16956
893
-0.796858
-0.191132
2.09557
1411
-0.804542
-0.233409
2.16748
1444
-0.0986944
-0.0736484
1.34055
896
-0.374007
-0.170125
1.29236
1204
-0.707905
-0.23928
2.16782
1795
-0.373002
-0.172674
1.29087
1203
-0.444113
-0.172673
1.2927
998
-0.166549
-0.380614
1.16648
964
-0.490154
-0.341712
1.19707
1551
0.413252
-0.0973813
1.31382
1342
0.331778
-0.0852504
1.32286
1340
-0.06368
-0.147435
1.29739
973
-0.177565
-0.139606
1.3048
967
0.359309
-0.0886161
1.32022
958
0.166624
-0.0833426
1.32819
1325
-0.266636
-0.119686
1.31849
1623
-0.300501
-0.139924
1.30777
968
-0.191905
-0.360999
1.17837
962
-0.350698
-0.314207
1.20924
994
-0.21188
-0.38182
1.16696
1143
-0.421554
-0.055113
1.35945
943
-0.439232
-0.0668488
1.35318
912
-0.391189
-0.0812623
1.34369
913
-0.460134
0.34574
1.15875
970
-0.370732
0.333631
1.1703
988
-0.480309
0.311659
1.2181
1569
0.0947074
-0.0890551
1.32676
955
0.00747209
-0.0971802
1.32435
1289
0.220106
-0.162648
1.28139
960
0.162554
-0.130578
1.30124
965
0.265968
-0.195075
1.26165
917
0.185394
-0.168103
1.27916
1633
0.44211
-0.11351
1.30384
957
0.363312
-0.116985
1.30387
1673
0.0841282
-0.152602
1.29064
1261
0.039276
-0.127862
1.30596
1262
0.474858
0.156911
1.38708
1373
0.38425
0.343398
1.07928
1126
0.22439
0.360815
1.06576
1107
-0.566168
0.142879
1.51064
881
-0.55119
0.203321
1.40783
876
-0.636278
0.1057
1.58014
930
-0.169038
0.190453
1.39134
768
-0.543867
0.349716
1.17208
971
-0.431602
0.303088
1.22772
808
-0.593376
0.230224
1.36633
1244
-0.175505
0.266239
1.26443
1205
-0.365542
0.22407
1.35418
989
0.521758
-0.10507
1.30663
992
0.456931
-0.201124
1.25328
1647
-0.456799
-0.314823
1.21161
951
-0.798607
-0.204884
2.11889
1421
-0.719574
-0.22023
2.13691
1449
-0.0959079
-0.0764106
1.33889
1674
-0.237012
-0.0723934
1.34482
948
0.181667
0.360719
1.07014
1106
-0.356448
0.340817
1.15679
1112
-0.89144
-0.0564484
1.85654
1390
-0.959244
-0.0651264
1.87677
1391
-0.972121
-0.12955
1.98142
1400
0.140747
-0.159236
1.28538
1245
0.0996972
-0.15725
1.28758
1236
-0.174358
-0.162298
1.29172
1226
0.203078
0.379457
1.03649
204
-0.314645
0.358844
1.12232
158
0.298436
0.311407
1.1416
1182
0.364047
0.27274
1.21138
58
0.345312
0.250202
1.23997
342
-0.508147
0.405702
1.06258
1007
-0.480375
0.38426
1.09592
1032
-0.510974
0.383422
1.10036
1047
0.0569387
-0.0829546
1.33122
137
0.0111556
-0.0853417
1.33103
1301
0.00901526
-0.137498
1.30122
1257
-0.486183
-0.345007
1.19508
1145
-0.481413
-0.367089
1.18231
1125
0.507958
-0.154609
1.27861
248
0.499124
-0.156089
1.27799
1302
0.467913
-0.179698
1.26527
1275
0.451874
-0.117301
1.30142
132
0.351188
0.425562
0.952977
1009
0.375436
0.40184
0.985997
1033
-0.415376
0.370089
1.11335
1063
-0.467098
0.34983
1.15256
1097
0.33203
0.425099
0.955373
1010
0.294349
0.429508
0.953889
1004
0.350031
0.41395
0.963919
1015
0.290552
0.405346
0.984276
1026
0.347445
0.249483
1.24097
199
0.348232
0.237549
1.26935
1276
0.393751
0.343492
1.07818
1121
0.345282
0.349791
1.07237
1117
0.373273
-0.16914
1.27375
54
0.317307
-0.143538
1.28984
1283
0.28891
-0.176586
1.27165
1268
-0.53116
0.358064
1.14503
1086
-0.464755
0.338412
1.17154
1114
-0.416929
0.319002
1.19948
52
-0.301823
-0.054353
1.35681
94
-0.360191
-0.0523671
1.35945
1269
-0.262454
-0.126894
1.31426
1237
-0.32432
-0.138794
1.30903
1215
-0.10388
-0.0627308
1.34693
1303
-0.0941489
-0.104036
1.32303
371
-0.196223
-0.144444
1.3025
1232
-1.04096
-0.304683
2.26903
1456
-0.901263
-0.138038
2.01653
1402
-0.867813
-0.179745
2.08342
1407
-0.970093
-0.170493
2.04697
1404
-0.454686
-0.0569709
1.35924
107
-0.467454
-0.14057
1.31168
1211
-0.22359
-0.426892
1.14144
1118
-0.320702
-0.458414
1.12588
1098
-0.0729053
-0.462042
1.11745
1115
-0.344307
-0.309297
1.21189
1172
-0.253439
-0.334767
1.19497
1164
-0.486135
-0.418579
1.15294
1103
-0.411955
-0.465463
1.12419
1087
0.378832
-0.0696002
1.33061
1348
-0.00539563
-0.158327
1.28966
1233
0.0423516
-0.0654092
1.34165
1333
0.29728
-0.070935
1.33194
1343
0.400731
-0.44911
1.1127
1173
0.371563
-0.439531
1.11893
1165
0.517793
-0.439548
1.11517
1183
0.0967727
-0.434606
1.1288
145
-0.254482
0.275559
1.25655
1199
-0.0842548
0.331647
1.14534
1128
-0.2108
0.327495
1.16483
1129
-0.234387
0.296652
1.21907
1184
-0.154442
0.412996
1.01536
1011
-0.689879
0.299898
1.2586
1166
-0.689926
0.296702
1.26398
1174
-0.537479
0.403392
1.06936
166
-0.625413
0.392506
1.09637
1020
-0.148628
0.109126
1.44651
1364
-0.0800484
0.0400551
1.40519
1359
-0.331245
0.207186
1.3812
1309
-0.101595
0.256505
1.28068
1222
-0.203155
0.256992
1.28273
1212
-0.220392
0.192463
1.39455
1352
-0.796295
0.0566782
1.66606
1383
-0.806673
-0.00740663
1.78733
1388
-0.637485
0.0912737
1.60454
1381
-0.496183
0.213548
1.38479
1290
0.301973
0.335565
1.10059
205
0.191838
0.358008
1.0737
1108
0.213122
0.28775
1.18984
3
0.183038
0.315455
1.14618
341
-0.0541351
0.416366
0.999779
1005
0.16393
0.421494
0.967337
1003
0.154494
0.373965
1.05053
1076
0.544488
0.098684
1.42274
207
0.456615
0.166068
1.365
346
0.0928624
0.214926
1.32939
1317
0.0189495
0.193821
1.37014
1353
0.214768
0.263823
1.23956
1223
0.352852
0.204482
1.32202
216
0.396208
0.257571
1.22254
1227
0.355425
0.25089
1.24726
1249
-0.179974
-0.1668
1.28928
1224
-0.20275
-0.175049
1.28514
1216
0.469438
-0.166587
1.27274
1284
0.512868
-0.198013
1.25363
675
0.449093
-0.183499
1.26358
1270
-0.477861
0.399069
1.07075
1013
-0.480556
0.384014
1.09635
1034
-0.511042
0.38511
1.09752
380
0.368535
0.391846
1.01971
398
0.376616
0.369304
1.05515
541
0.354454
0.366256
1.04375
1102
-0.401088
0.370006
1.11208
77
0.439581
-0.147082
1.28468
1298
0.371977
-0.167568
1.27468
1285
0.310723
-0.153983
1.28403
1278
-0.466928
0.340853
1.16765
86
0.403286
-0.464684
1.10371
1156
0.370063
-0.440251
1.11856
1167
-0.089079
0.367029
1.08627
1077
-0.423174
-0.456936
1.12936
1091
0.415783
0.139665
1.42026
1376
-0.573377
0.31827
1.21617
1147
-0.689626
0.297019
1.26342
1175
-0.345469
-0.31008
1.21147
1176
-0.336254
-0.326332
1.20193
1160
-0.784348
-0.340321
2.30242
1459
0.0842692
0.188968
1.37187
1357
0.019201
0.192862
1.37166
1354
-0.62557
0.391569
1.09796
1021
-0.610089
0.372792
1.16462
1463
-0.212174
-0.374577
1.17111
1148
-0.0733299
-0.462036
1.11746
1116
0.352202
0.426691
0.956892
1012
0.385277
0.391384
0.998416
1053
-0.207291
0.236776
1.32218
511
-0.073063
0.196041
1.37512
1349
-0.45385
-0.0616335
1.35063
1258
-0.424531
-0.0869542
1.34129
1235
-0.807047
-0.22925
2.16073
1438
-0.225744
-0.426513
1.14172
1119
0.190747
-0.138216
1.29614
1272
-0.263106
0.379242
1.0829
1057
-0.235202
0.296953
1.21864
1186
-0.0484527
0.325018
1.15296
307
0.0709204
0.293163
1.2058
1197
-0.900096
-0.135608
2.01232
1403
-0.969432
-0.169647
2.04555
1405
0.0907765
-0.0732833
1.33589
1319
0.039776
-0.0654574
1.34168
1334
0.152955
-0.078164
1.3315
1320
-0.227114
-0.0549767
1.35454
1291
-0.28116
-0.118914
1.31931
95
0.491003
-0.0917039
1.31507
131
-0.758463
0.0808419
1.63405
1382
0.342747
0.401215
1.00706
1054
-0.493098
0.35444
1.14737
1092
-0.538014
0.347609
1.17492
1113
0.312462
-0.155099
1.28335
1279
0.266664
-0.158888
1.28235
1273
-0.455653
0.318161
1.20472
246
-0.68217
0.294432
1.24703
1465
-0.6557
0.19845
1.42596
1321
-0.758081
0.237009
1.3647
1467
-0.320752
-0.437929
1.16616
1468
0.132781
-0.156714
1.28703
1250
0.0204815
0.19238
1.37232
1355
-0.0464386
0.209389
1.35122
1335
-0.170519
0.22172
1.34294
1292
-0.0697242
0.193335
1.37916
1356
0.34339
0.233803
1.26776
488
-0.161788
-0.369408
1.17278
553
-0.303533
-0.0576955
1.35494
528
-0.627107
0.393026
1.09566
1018
-0.468515
-0.308249
1.21568
469
0.15397
-0.0810325
1.32983
1312
0.448316
-0.117952
1.30114
649
0.226942
-0.157563
1.28413
641
0.270157
-0.204947
1.25588
1241
0.224214
0.190555
1.35633
1360
-0.484645
0.321079
1.20268
1134
0.367995
-0.164787
1.27637
1287
-0.481953
0.383405
1.09752
1039
-0.0832805
0.21793
1.34092
573
-0.582428
0.224487
1.37674
472
-0.375646
-0.174784
1.28973
561
0.372292
0.382002
1.01549
1074
-0.329222
-0.410076
1.15379
1120
0.514333
-0.432249
1.11944
781
-0.182
-0.0603917
1.35028
1294
0.00312201
-0.13601
1.30222
1253
-0.0100213
0.387042
1.06257
1065
0.0886359
0.210883
1.33628
1329
-0.0281367
0.218918
1.33422
1313
0.0376338
0.202287
1.35481
1347
-0.53549
0.346082
1.16562
1109
-0.592436
0.361668
1.11583
1470
0.359658
-0.09812
1.31477
650
0.386895
0.295973
1.15883
1195
0.356828
0.28112
1.1868
700
0.0505341
-0.0823158
1.33175
652
0.0853882
-0.077321
1.33372
1323
0.163627
0.239941
1.27519
555
-0.316879
-0.135588
1.31067
1220
0.156252
-0.0802762
1.33021
1314
-0.583602
0.223918
1.37777
593
-0.779509
-0.0704097
1.89068
478
-0.978315
-0.1264
2.00455
282
-0.968178
-0.175191
2.05434
1406
0.35704
-0.177704
1.26926
761
0.441728
-0.203904
1.25208
1259
-0.48174
0.384453
1.09573
1041
-0.480219
-0.410861
1.15721
463
0.302456
0.322036
1.12331
1168
-0.316284
-0.368549
1.17724
777
0.347338
0.232402
1.26973
701
-0.0530519
-0.435387
1.1322
1131
-0.00999307
0.383991
1.04991
1061
0.0758236
0.327684
1.13619
848
0.0171432
0.321483
1.16532
1169
-0.595138
0.19955
1.41796
678
-0.0799182
-0.0692177
1.3426
708
0.184014
0.396138
1.0103
1045
-0.0902695
0.332647
1.14425
685
-0.110632
0.293607
1.21197
859
-0.382351
-0.177104
1.28858
1202
0.398261
-0.190016
1.26115
1265
-0.363431
0.386729
1.08021
663
0.364204
-0.440554
1.11853
1170
-0.865486
-0.174792
2.07485
576
-0.6177
-0.086064
1.87868
1397
-0.550358
0.354032
1.15371
814
-0.21423
0.3616
1.10777
1083
-0.214613
0.35122
1.12527
1101
-0.0850534
-0.0712288
1.34158
821
0.344824
0.369783
1.03877
1096
-0.265958
0.363967
1.10889
1075
-0.238214
0.323369
1.17448
771
0.265968
-0.195075
1.26165
827
-0.304499
-0.057634
1.355
1280
0.469069
-0.160551
1.27621
1296
-0.378631
0.361514
1.12415
1079
0.0802287
0.189581
1.37126
1358
0.0482021
0.370373
1.06708
1084
0.239432
0.260154
1.23368
927
-0.0450911
0.272256
1.25014
1208
0.36998
-0.426036
1.1267
1179
0.519586
-0.0997583
1.30973
861
-0.37535
-0.17555
1.28929
789
0.289993
0.343854
1.08782
886
-0.439716
0.19715
1.40681
1331
-0.268219
-0.115022
1.3212
950
0.431008
-0.142025
1.28779
1300
0.05244
0.208589
1.34332
1341
-0.58972
0.199853
1.41708
1332
-0.599398
0.0978788
1.61829
1475
-0.359062
0.231921
1.34032
809
-0.308207
-0.137211
1.30952
900
-0.354787
-0.0725513
1.34775
942
-0.318719
-0.354028
1.18562
939
0.280815
-0.154506
1.2845
959
-0.182389
-0.187611
1.27743
969
0.531141
0.103265
1.4257
979
