506
347
475.04
1210
2
505
347
474.04
1210
1
487
347
456.04
1592
2
486
342
454.701
1297
0
495
327
465.567
1297
2
494.4
326.4
465.096
1297
1
488
326
458.803
1667
2
530
434
492.86
1052
2
531
433
494.1
1052
1
526
429
489.1
1064
2
528
427
491.437
1064
1
535
411
499.381
1094
2
534
411
498.381
1094
1
501
435
462.905
22
0
525
411
489.381
22
2
525
411
489.476
22
1
534
204
505.631
1709
2
509
214
478.512
130
0
511
208
482.388
130
2
506
210
477.51
130
1
523
190
494.264
1692
2
116
198
96.2761
1756
2
114
202
94.6295
109
0
95
200
75.1587
109
2
92.4
202.8
72.4499
109
1
126
190
106.751
1432
2
123
193
103.751
1432
1
99
190
79.8612
1778
2
127
88
93.1304
1544
2
127
85
93.0153
1538
2
501
202
472.264
1693
2
479
206
450.388
1699
2
505.2
199.2
474.24
229
0
509
194
480.161
229
2
504
194.4
475.036
229
1
475
195
445.803
1668
2
427
343
396.512
1604
2
410
346
379.278
1602
2
422
324
393.035
1680
2
382
339
351.512
212
0
398
328
368.696
212
2
379
210
350.035
1681
2
369
210
340.035
1326
2
367
213
338.161
1326
1
368
193
337.04
138
0
382
188
352.216
138
2
344
203
313.512
14
0
359
197
329.458
14
2
406
206
375.512
19
0
417
200
387.93
19
2
384
214
353.88
136
0
396
208
367.035
136
2
393
210
364.035
136
1
416
189
384.823
1648
0
428
184
398.216
1648
2
399
190
367.823
21
0
412
185
382.216
21
2
130
437
93.3027
168
0
167
433
129.86
168
2
168
433
130.86
168
1
136
435
98.7213
1490
2
123
413
88.1871
79
0
155
410
119.727
79
2
155
411
119.476
79
1
107
412
72.1871
80
0
137
410
101.381
80
2
138
410.4
102.476
80
1
310
203
280.567
1663
2
283
205
252.992
47
0
299
199
269.348
47
2
296.4
198
266.748
47
1
314
193
284.348
1654
2
295
187
264.88
1624
2
261
185
230.278
99
0
279
180
248.743
99
2
261
180
230.628
1607
2
271
169
240.396
1603
2
238
169
206.701
89
0
258
165
227.16
89
2
254
167
223.04
89
1
442
177
410.454
66
0
464
180
434.458
66
2
448
174
418.216
66
1
444
174
414.105
1639
2
456
161
425.88
1247
2
454
161
423.88
1247
1
443
159
412.88
1625
2
496
181
466.696
1665
2
469
184
437.701
141
0
477
180
447.567
141
2
497
162
467.216
1649
2
470
174
438.354
65
0
479
169
449.348
65
2
533
174
503.696
1666
2
508
183
476.578
53
0
511
178
481.696
53
2
505
180
475.696
53
1
539
162
507
75
0
536
166
506.458
75
2
541
158
511.458
75
1
503
164
471.128
55
0
517
164
487.348
55
2
100
435
62.8598
1051
2
105
435
67.963
1051
1
88
416
53.0655
44
0
119
413
83.2538
44
2
118.8
415.2
83.0538
44
1
92
412
56.476
1507
2
126
402
91.8994
85
0
155
399
120.302
85
2
147
395
112.665
1533
2
167
387
133.13
1144
2
168
388
134.13
1144
1
110
387
76.9421
88
0
137
381
103.583
88
2
138
381.6
104.583
88
1
203
188
172.278
96
0
222
183
191.16
96
2
219.6
183.6
188.76
96
1
173
173
141.823
90
0
192
168
160.701
90
2
188.4
169.2
157.101
90
1
300
184
269.16
49
0
318
178
287.628
49
2
315
180
284.743
49
1
209
225
179.458
93
0
225
220
195.458
93
2
199
217
169.105
1640
2
233
190
202.628
1608
2
197
189
166.16
1595
2
289
221
259.348
97
0
304
216
274.93
97
2
273
218
243.803
1304
2
271
220
241.803
1304
1
249
199
219.105
1641
2
110
167
92.3866
102
0
84
165
65.8016
102
2
82
167
63.8016
102
1
148
168
116.454
1586
2
59
222
37.5293
1752
2
47
212
26.4556
1401
2
45
215
24.1123
1401
1
80
188
61.8016
105
0
54
186
34.9796
105
2
49
194
29.6295
1769
2
130
223
108.178
1393
2
129
225
107.178
1393
1
109
219
87.6439
1753
2
165
192
134.04
1593
2
197
49
162.302
1525
2
208.8
45.6
173.651
338
0
239
39
204.066
338
2
235
48
200.428
338
1
192
19
156.381
1506
2
232
71
197.665
110
0
259
67
225.015
110
2
253
69
219.015
110
1
287
24
252.066
1518
2
249
36
213.476
115
0
279
33
244.187
115
2
275
34
240.187
115
1
172
110
138.942
116
0
195
103
161.722
116
2
235
91
201.583
1561
2
196
95
162.583
1562
2
248
79
213.899
118
0
275
74
241.471
118
2
121
45
85.7266
1512
2
152
22
116.254
1504
2
94
39
58.943
122
0
119
31
83.2538
122
2
113
33
77.3811
122
1
113
112
80.2935
27
0
132
104
98.4711
27
2
130
107
96.5831
27
1
125
103
91.5831
1563
2
523
163
491.128
76
0
522
152
492.105
76
2
520
154
490.105
76
1
506
153
475.88
1248
2
504
154
473.88
1248
1
515
216
484.628
129
0
516
212
487.51
129
2
513
210
484.51
129
1
505
213
476.731
1712
2
366
182
334.823
133
0
382
177
351.88
133
2
321
180
290.743
1610
2
417
181
385.701
135
0
430
176
400.105
135
2
426
177
396.105
135
1
453
154
422.628
1609
2
364.8
217.2
334.905
373
0
378
212
349.035
373
2
354
214
325.264
1694
2
320
195
289.396
17
0
336
190
306.105
17
2
439
216
408.88
139
0
441
212
412.388
139
2
422
213
393.388
1328
2
420
212.4
391.161
1328
1
430
216
399.743
140
0
439
210
410.264
140
2
515
46
482.051
1577
2
513
38
479.722
1570
2
506
30
472.583
1564
2
569
27
536.051
1578
2
390
41
356.015
1539
2
298
34
262.476
114
0
326
32
291.428
114
2
320
33
285.665
114
1
465
32
431.245
1552
2
400
32
365.899
1536
2
243
390
208.899
1130
2
242.4
391.2
208.183
1130
1
140
401
105.783
1529
0
169
397
134.428
1529
2
243
373
210.186
1580
2
168
367
135.768
1581
2
223
411
187.476
157
0
254
398
219.187
157
2
271
382
237.722
152
0
299
372
266.4
152
2
297
374
264.4
152
1
253
379
219.833
1572
2
225
458
185.861
1002
2
226
458
186.861
1002
1
175
460
135.63
1001
2
176
460
136.63
1001
1
189
437
151.963
156
0
228
429
191.1
156
2
229
430
191.963
156
1
141
412
105.727
37
0
173
408
137.727
37
2
174
409
138.596
37
1
253
419
216.669
1502
2
88
387
54.3583
1554
2
42
404
7.0655
1519
2
88
407
53.7827
161
0
119
403
84.1871
161
2
117
406
81.8506
161
1
157
376
123.942
1573
2
57
445
19.8598
165
0
87
448
48.6858
165
2
40
447
1.68583
1479
2
63
411
28.4278
1461
0
89
411
53.5955
1461
2
88
413
52.3811
1461
1
45
418
8.80091
1069
2
45.6
420
9.26939
1069
1
105
450
67.3707
169
0
143
447
104.686
169
2
146
448
107.796
169
1
118
448
79.6858
1006
2
116
455
77.2027
1006
1
313
276
285.918
1729
2
264
290
236.452
170
0
274
284
246.918
170
2
214
356
182.823
149
0
236
350
205.16
149
2
177
342
146.992
62
0
195
338
164.992
62
2
194.4
339.6
164.393
62
1
176
324
147.264
64
0
190
320
161.388
64
2
189
322
160.388
64
1
273
336
243.216
1650
2
257
322
228.161
177
0
271
316
242.731
177
2
270
318
241.51
177
1
59
290
32.4924
1736
2
45
290
18.3866
1366
2
45
292
18.262
1366
1
83
250
59.4151
1748
2
34
253
10.3033
1746
2
142
284
115.958
1742
2
120
294
93.262
1734
2
145
255
121.062
1744
2
128
248
104.415
1386
2
127
250
103.303
1386
1
79
324
50.0355
1310
2
77
327
47.9302
1310
1
69
306
42.4924
186
0
70
306
42.5652
186
2
69.6
308.4
42.0518
186
1
43
312
14.9692
1720
2
43
314
14.8508
1720
1
138
335
108.105
1642
2
104
336
74.3484
1655
2
151.2
324
122.831
333
0
163
322
134.161
333
2
163.2
322.8
134.464
333
1
116
324
87.7314
189
0
125
322
96.1608
189
2
125
324
96.0355
189
1
512.4
411.6
475.937
1132
0
531
389
496.899
1132
2
531
389
496.899
1132
1
463
407
427.126
197
0
487
386
453.13
197
2
515
371
482.051
1579
2
478
387
443.428
84
0
497
368
464.638
84
2
497
367
464.871
84
1
537
449
498.686
1480
2
504
432
466.86
1043
2
506.4
434.4
469.121
1043
1
567
455
528.082
1008
2
569
453
530.315
1008
1
525
458
485.278
32
0
549
431
511.86
32
2
552
429
515.1
32
1
357.6
404.4
322.327
327
0
387
391
352.783
327
2
387.36
390.24
353.49
327
1
335
387
301.13
1545
2
376
355
344.701
1587
2
376
356
344.823
1587
1
338
371
305.532
1189
2
340
371
307.638
1189
1
433
423
396.201
206
0
462
405
426.851
206
2
421
383
387.471
1159
2
422
383
388.583
1159
1
427
365
394.294
5
0
445
352
413.823
5
2
447
351
416.04
5
1
414
358
382.354
1584
2
388
445
349.905
1022
2
388
445
350.049
1022
1
336
450
297.575
1478
2
345.6
435.6
308.112
277
0
383
419
346.801
277
2
384
419
347.899
277
1
296
442
258.264
159
0
335
427
298.201
159
2
453
438
415.371
1486
2
433
450
394.575
1016
2
433
449
394.796
1016
1
406.08
429.12
368.801
502
0
438
411
402.254
502
2
439.2
410.4
403.796
502
1
392.4
445.2
353.975
276
0
429
425
392.303
276
2
429.6
424.8
393.137
276
1
521.28
289.44
493.483
425
0
516
280
489.958
425
2
514.8
279.6
488.758
425
1
508.8
307.2
480.064
345
0
508
295
481.262
345
2
507
295
480.262
345
1
521
266
494.492
1737
2
497
370
463.583
57
0
511
350
479.701
57
2
511
350
479.701
57
1
509
307
480.264
209
0
503
300
475.678
209
2
389
271
361.918
1730
2
321
246
292.731
1713
2
466
263
439.136
1732
2
368
325
338.93
1675
2
326
328
296.803
1311
2
326.4
327.6
297.33
1311
1
381
322
351.696
214
0
393
312
364.851
214
2
392
312
363.969
214
1
328.8
330
299.258
289
0
345
321
316.264
289
2
427.2
364.8
394.494
343
0
434
351
402.823
343
2
463
299
435.789
1726
2
428
308
400.087
1362
2
428
308
400.318
1362
1
200
269
171.851
1716
2
500.4
201.6
471.664
1695
2
474
212.4
443.743
384
0
478.8
206.4
450.188
384
2
478
206
449.264
384
1
500.4
196.8
471.561
1684
2
475.2
194.4
446.003
1669
2
534
204
505.631
1710
2
508.32
214.56
477.832
518
0
510
207.6
481.388
518
2
508.8
194.4
479.961
1685
2
164.4
430.8
127.363
1492
2
279.6
180
249.343
1238
2
276
182.4
245.743
1238
1
260.4
180
230.028
1231
2
259
182
228.628
1231
1
250.8
174
219.623
325
0
271.2
168
240.478
325
2
268.8
169.2
237.96
325
1
237.6
169.2
206.423
280
0
258
165.6
227.16
280
2
463.2
180
433.658
1657
2
444
174
414.105
1643
2
464.4
170.4
434.505
1644
2
442.8
163.2
412.68
1627
2
92
427
56.3811
78
0
123.6
424.8
87.1369
78
2
123
427
86.2015
78
1
109.2
429.6
72.4015
1496
2
97.2
417.6
61.3256
1503
2
490.8
184.8
459.501
231
0
495.6
180
466.167
231
2
500
166
470.348
231
1
469.2
184.8
437.901
379
0
476.4
180
446.858
379
2
496.8
162
467.016
1651
2
468
163.2
436.128
258
0
476.4
159.6
446.28
258
2
464.4
163.2
434.28
258
1
532.8
181.44
501.378
407
0
534
176.4
504.803
407
2
506.4
183.6
474.978
233
0
510
178.8
480.696
233
2
535.2
170.4
503.429
250
0
536.4
166.8
506.858
250
2
519.6
153.6
489.593
250
1
508.8
157.2
478.793
1634
2
162
394.8
127.665
1122
2
163
396
128.547
1122
1
148.8
403.2
113.987
1522
2
162
387.6
128.13
1146
2
162
388.8
128.13
1146
1
113
384
80.1862
1155
0
135.6
381.6
102.183
1155
2
138
382
104.471
1155
1
568.8
31.2
533.181
275
0
572.4
38.4
539.932
275
2
413
280
385.087
211
0
417.6
271.2
390.862
211
2
418
272
391.262
211
1
388.8
271.2
361.718
1731
2
320.4
246
292.131
1714
2
213
442
175.264
155
0
252
434.4
214.512
155
2
256
427
219.201
155
1
253.2
418.8
216.869
1068
2
253.2
418.8
216.869
1068
1
264
289.2
236.452
266
0
274.8
284.4
247.718
266
2
272.4
284.4
245.189
266
1
390
40.8
356.015
1141
2
385.2
42
351.215
1141
1
297.6
33.6
261.981
278
0
325.2
31.2
290.747
278
2
320.4
33.6
286.065
278
1
92.4
390
58.5304
1139
2
89
392
55.0153
1139
1
75.6
358.8
44.878
312
0
91.2
358.8
59.5544
312
2
81.6
358.8
50.0543
312
1
254.4
78
220.758
1555
2
141
174
109.944
1200
0
158.4
168
126.854
1200
2
157
170
125.454
1200
1
106.8
170.4
88.9508
1799
2
477.6
285.6
451.439
1741
2
79.2
324
50.2355
1318
2
79.2
325.2
50.2355
1318
1
500.4
32.4
464.654
270
0
512.4
37.2
479.122
270
2
505.2
30
471.783
1565
2
171.6
109.2
138.542
330
0
195.6
103.2
162.322
330
2
188.64
105.12
155.473
330
1
208.8
96
175.158
331
0
234
91.2
200.583
331
2
228
92.4
194.722
331
1
175.2
91.2
141.445
332
0
196.8
94.8
163.383
332
2
196.8
48
161.987
1523
2
192
50.4
157.302
1523
1
175
50
140.066
111
0
202.8
40.8
167.743
111
2
197
46
162.066
111
1
566.4
454.8
527.603
1477
2
549.6
429.6
512.7
1494
2
202.8
188.4
172.078
389
0
220.8
182.4
189.96
389
2
218.88
184.32
188.04
389
1
172.8
172.8
141.623
281
0
192
168
160.701
281
2
189
169
157.701
281
1
98
55
63.5469
120
0
122.4
46.8
87.1266
120
2
154.8
22.8
119.054
1505
2
98.4
55.2
63.9469
315
0
121.2
44.4
85.9266
315
2
116.64
51.84
81.583
315
1
366
182.4
334.823
273
0
381.6
177.6
351.343
273
2
302.4
184.8
271.44
1611
0
320.4
180
290.143
1611
2
276.48
404.64
241.546
453
0
309.6
394.8
275.265
453
2
313.2
392.4
279.099
453
1
271.2
381.6
237.922
308
0
298.8
370.8
266.332
308
2
298.8
372
266.332
308
1
245
367
212.871
154
0
268.8
360
237.029
154
2
268.8
360
237.154
154
1
146
291
119.958
180
0
150
289.2
123.736
180
2
150
291
123.615
180
1
104.4
285.6
78.8246
292
0
104.4
284.4
78.3583
292
2
103.2
286.8
77.0391
292
1
145.2
254.4
121.39
1745
2
128.4
248.4
104.815
1387
2
127.2
250.8
103.503
1387
1
427.2
342
396.943
1234
2
426
343.2
395.628
1234
1
463.2
298.8
435.989
1727
2
462
298.8
435.028
1727
1
417.6
312
389.569
1721
2
334.8
387.6
300.93
1546
2
339.6
370.8
307.238
1190
2
339.6
370.8
307.238
1190
1
195.6
412.8
160.451
306
0
229.2
405.6
194.051
306
2
172.8
408
137.527
1104
2
174
408
138.727
1104
1
274.8
356.4
243.623
310
0
297.6
348
266.76
310
2
298.8
348
268.078
310
1
271.2
327.6
242.13
1676
2
316.8
315.6
288.531
1715
2
56.4
445.2
19.2598
381
0
91.2
445.2
53.3571
381
2
92.4
445.2
54.3048
381
1
40.8
446.4
2.59561
1481
2
37.2
432
0.16296
1493
2
444
385.2
410.358
1161
2
445.2
384
411.783
1161
1
393.6
398.4
358.543
326
0
421.2
382.8
387.671
326
2
421.2
382.8
387.922
326
1
426.24
364.32
393.534
494
0
445.2
351.6
414.144
494
2
444
351.6
413.04
494
1
384.48
390.24
350.027
459
0
411.6
375.6
378.651
459
2
411.6
375.6
378.894
459
1
62.4
289.2
36.8246
294
0
58.8
289.2
32.4148
294
2
49
290
23.4246
7
0
44.4
289.2
18.0148
7
2
44.4
291.6
17.7866
7
1
92.4
250.8
69.5167
296
0
82.8
249.6
59.3396
296
2
81.6
252
57.9033
296
1
46.8
258
22.7471
1384
2
43
267
18.2475
1384
1
424.8
443.52
386.486
500
0
452.4
438
414.912
500
2
409.2
440.4
371.357
1028
2
409.2
439.2
371.712
1028
1
424.8
444
386.375
352
0
459.6
422.4
423.037
352
2
461
416
425.254
352
1
85.2
226.8
63.3779
1750
2
33.6
219.6
12.2439
1398
2
32.4
222
10.8134
1398
1
68.4
210
47.9814
1754
2
80.4
187.2
62.3168
284
0
54
186
34.9796
284
2
41.76
204.48
21.4554
284
1
242.4
390
208.299
1127
2
242
391
207.783
1127
1
155
399
120.899
50
0
184.8
393.6
150.583
50
2
183.6
394.8
149.265
50
1
193.2
355.2
162.36
350
0
213.6
350.4
182.64
350
2
214.56
349.92
183.72
350
1
214.8
349.2
184.196
367
0
236.4
343.2
206.028
367
2
235.2
344.4
204.828
367
1
177.6
342
147.592
241
0
194.4
338.4
164.393
241
2
194.4
338.4
164.393
241
1
195
322
166.51
173
0
208.8
318
180.188
173
2
209
320
180.388
173
1
175.2
324
146.588
1701
0
189.6
320.4
160.988
1701
2
363.6
436.8
326.217
1487
2
357.6
454.8
318.915
1014
2
357.6
454.8
319.175
1014
1
345.6
434.88
308.321
442
0
382.8
418.8
346.699
442
2
381.6
418.8
345.629
442
1
334.8
427.2
298.001
1060
2
336
427.2
299.303
1060
1
248.4
78
214.299
267
0
274.8
73.2
241.271
267
2
269
76
235.471
267
1
286.8
24
251.866
1520
2
249.6
34.8
214.076
279
0
279.6
31.2
244.787
279
2
274.8
33.6
239.987
279
1
114
111.6
81.2935
301
0
133.2
106.8
99.7831
301
2
124.8
103.2
91.3831
1566
2
128.4
99.6
94.8711
1556
2
136.8
338.4
106.68
1628
2
115.2
324
86.9314
334
0
123.6
322.8
94.7608
334
2
124.8
324
95.8355
334
1
152
324
123.631
188
0
163.2
321.6
134.464
188
2
163
323
134.161
188
1
117
299
90.4924
190
0
120
297.6
93.0276
190
2
119
299
92.0276
190
1
479.52
341.28
448.464
475
0
488.4
326.4
459.203
475
2
488.4
326.4
459.203
475
1
507.6
295.2
480.862
1368
2
506.4
295.2
479.662
1368
1
367.2
325.2
338.13
1677
2
308.4
336
278.393
298
0
326.4
327.6
297.203
298
2
326
328
296.93
298
1
328.32
329.76
298.778
423
0
344.4
321.6
315.664
423
2
169.2
212.4
138.943
1612
2
129.6
223.2
107.778
1394
2
128.4
225.6
106.578
1394
1
166.8
204
136.312
1605
2
126
189.6
106.861
1780
2
288
220.8
258.348
368
0
303.6
216
274.53
368
2
256
224
226.458
98
0
272.4
217.2
243.096
98
2
270
219.6
240.803
98
1
310.8
204
281.367
1664
2
248.4
189.6
218.28
1629
2
300
183.6
269.04
324
0
318
178.8
287.628
324
2
313.92
180
283.663
324
1
224.4
219.6
194.858
1658
2
169.2
216
139.305
363
0
183.6
213.6
153.343
363
2
180
214.8
149.743
363
1
214.8
195.6
184.312
388
0
232.8
189.6
202.428
388
2
228.96
191.52
198.588
388
1
196.8
188.4
165.96
1596
2
372
214.8
343.161
1686
2
341.28
214.56
311.385
534
0
357.6
212.4
328.635
534
2
336
189.6
305.992
1246
2
337
186
306.88
1246
1
542.4
447.6
504.196
1482
2
494.4
450
455.261
225
0
522
424.8
485.437
225
2
524.4
422.4
488.201
225
1
441
444
402.464
203
0
470.4
421.2
433.837
203
2
473
421
436.669
203
1
507.6
404.4
471.499
260
0
530.4
388.8
496.299
260
2
486
385.2
452.245
1158
2
486
385.2
452.471
1158
1
495.6
384
461.147
262
0
512.4
363.6
480.272
262
2
512
364
479.871
262
1
478.8
387.6
444.228
263
0
496.8
367.2
464.438
263
2
496.8
367.2
464.672
263
1
413.28
185.76
382.103
1652
0
426
181.2
396.216
1652
2
442.8
158.4
410.8
259
0
452.4
153.6
422.028
259
2
448.8
156
418.543
259
1
429.6
216
399.343
378
0
441.6
212.4
412.988
378
2
436.32
208.8
407.481
378
1
421.2
212.4
392.464
1327
2
420
212
391.161
1327
1
437.76
214.56
407.64
482
0
447.6
208.8
418.864
482
2
447.6
212.4
418.988
482
1
398.4
189.6
367.223
240
0
411.6
184.8
381.816
240
2
410
185
380.216
240
1
129.6
390
95.6153
1133
2
129.6
391.2
95.4994
1133
1
134.4
378
101.8
391
0
157.2
375.6
124.386
391
2
157.2
376.8
124.251
391
1
114
356
83.3956
164
0
130.8
354
99.6231
164
2
130.8
355.2
99.6231
164
1
130.8
436.8
94.1028
396
0
166.8
433.2
129.66
396
2
168.48
433.44
131.34
396
1
522
158.4
490.128
251
0
525.6
154.8
495.705
251
2
501.6
157.2
469.471
235
0
505.2
153.6
475.08
235
2
505.2
154.8
475.08
235
1
199.2
268.8
171.051
1718
2
374.4
30
338.526
1537
0
398.4
31.2
364.299
1537
2
493.92
175.68
464.378
1659
2
476.64
180
447.098
1660
2
496.8
161.28
466.905
1277
2
499.2
165.6
469.548
1277
1
469.44
172.8
437.794
548
0
478.08
168.48
448.428
548
2
532.8
177.12
503.603
1670
2
506.88
182.88
475.458
408
0
509.76
178.56
480.456
408
2
532.8
171.36
503.367
1293
2
529.92
172.8
500.487
1293
1
509.76
164.16
477.76
410
0
516.96
162.72
487.176
410
2
279.36
180
249.103
1239
2
276.48
181.44
246.223
1239
1
241.92
185.76
211.198
445
0
260.64
180
230.268
445
2
257.76
182.88
227.388
445
1
270.72
168.48
239.998
1209
2
267.84
165.6
236.784
1209
1
257.76
164.16
226.92
1213
2
253.44
167.04
222.48
1213
1
125.28
401.76
91.1794
525
0
154.08
398.88
119.382
525
2
153.792
400.896
119.094
525
1
138.24
400.32
103.427
1524
2
156.96
375.84
124.146
1180
2
156.96
377.28
124.011
1180
1
112.8
384
79.9862
247
0
135.36
381.6
101.943
247
2
135.36
383.04
101.831
247
1
365.76
38.88
330.236
411
0
390.24
40.32
356.255
411
2
384.48
41.76
350.495
411
1
296.64
33.12
261.021
430
0
325.44
31.68
290.987
430
2
319.68
32.832
285.227
430
1
83.52
164.16
65.3216
1457
2
81.6
166.8
63.4016
1457
1
80.64
187.2
62.5568
428
0
54.72
185.76
35.8164
428
2
325.44
326.88
296.37
1322
2
325.44
326.88
296.475
1322
1
380.16
321.12
350.963
424
0
391.68
311.04
363.649
424
2
391.68
311.04
363.767
424
1
245.376
77.76
211.275
581
0
253.44
77.76
219.685
581
2
247.104
82.944
213.462
581
1
212.4
442.8
174.664
303
0
252
433.44
214.617
303
2
254.4
433.2
217.017
303
1
256.32
403.2
221.047
1105
2
256.32
404.64
221.047
1105
1
499.68
31.68
463.806
552
0
512.64
37.44
479.362
552
2
506.88
38.88
473.602
552
1
502.56
28.8
469.031
1162
2
499.68
30.24
466.263
1162
1
49.2
289.2
23.6246
295
0
44.64
289.44
18.2548
295
2
44.64
290.88
18.0266
295
1
64.8
246.24
41.692
1389
2
64.8
246.24
41.692
1389
1
40.32
240.48
17.4367
1749
2
94.8
38.4
59.6506
1466
0
119.52
30.24
83.7738
1466
2
113.76
31.68
78.1411
1466
1
132
174
100.944
287
0
148.32
168.48
116.774
287
2
145.44
171.36
114.018
287
1
208.8
96.48
175.158
480
0
233.28
90.72
199.751
480
2
227.52
92.16
194.242
480
1
172.8
102.24
139.383
481
0
197.28
95.04
163.863
481
2
192.96
97.92
159.543
481
1
357.12
404.64
321.847
443
0
385.92
390.24
351.703
443
2
384
387.6
350.245
443
1
370.08
348.48
339.24
1228
2
370.08
348.48
339.476
1228
1
339.84
370.08
307.478
1191
2
339.84
370.08
307.478
1191
1
57.6
302.4
31.2148
474
0
57.6
303.84
30.2776
474
2
57.6
305.28
30.1652
474
1
274.752
357.696
243.453
565
0
298.08
347.04
267.358
565
2
272.16
335.52
242.376
1653
2
433.44
322.56
404.601
1338
2
433.44
322.56
404.704
1338
1
426.24
342.72
395.983
1613
2
461.376
311.04
432.64
603
0
463.68
298.08
436.469
603
2
462.24
299.52
435.268
603
1
418.8
318
389.73
358
0
427.68
306.72
399.998
358
2
427.2
307.2
399.652
358
1
576
74.88
564.697
1460
2
573.12
76.32
561.701
1460
1
571.68
38.88
539.08
1185
2
566.4
40.8
533.694
1185
1
505.44
293.76
478.702
1374
2
505.44
293.76
478.827
1374
1
548.64
436.32
511.257
1037
2
550.08
436.32
512.697
1037
1
550.08
429.12
513.18
1055
2
551.52
427.68
514.62
1055
1
276
405.6
240.943
323
0
309.6
394.56
275.265
323
2
309.6
394.56
275.383
323
1
220.8
405.6
185.866
305
0
253.44
396
218.868
305
2
254.4
398.4
219.587
305
1
270.72
380.16
237.662
448
0
298.08
371.52
265.612
448
2
244.8
367.2
212.671
349
0
269.28
358.56
237.634
349
2
269.28
360
237.634
349
1
174.528
79.488
140.543
582
0
200.16
74.88
166.059
582
2
196.992
76.032
162.891
582
1
174
50.4
139.066
337
0
195.84
43.2
160.783
337
2
195.6
42
160.543
337
1
149.76
288
123.496
1377
2
148.32
290.88
121.935
1377
1
105.12
285.12
79.5446
455
0
103.68
283.68
77.7565
455
2
103.68
285.12
77.5191
455
1
210.24
184.32
179.4
1217
2
207.6
186
176.76
1217
1
163.2
174
132.144
286
0
181.44
168.48
149.894
286
2
488.16
326.88
458.963
1671
2
485.28
293.76
457.598
426
0
501.12
299.52
474.256
426
2
478.08
288
451.816
426
1
129.6
223.2
107.778
1395
2
129.6
224.64
107.778
1395
1
168.48
211.68
138.223
1614
2
125.28
190.08
106.141
1439
2
123.84
191.52
104.701
1439
1
211.2
397.2
176.865
347
0
241.92
388.8
207.819
347
2
241.92
390.24
207.819
347
1
227.52
436.32
189.891
1035
2
228
435.6
190.617
1035
1
141.6
439.2
104.563
395
0
178.56
433.44
141.281
395
2
176.256
435.456
138.873
395
1
195.84
411.84
160.691
1514
0
228.96
404.64
193.811
1514
2
204.48
413.28
168.606
1093
2
203.904
414.72
168.158
1093
1
250.56
76.32
216.805
1154
2
245.376
77.76
211.734
1154
1
250.56
36
215.036
431
0
279.36
31.68
244.547
431
2
275.04
33.12
240.227
431
1
433.44
449.28
395.126
1017
2
433.2
448.8
394.996
1017
1
408.96
439.2
371.224
1030
2
408.96
439.2
371.472
1030
1
425.088
444.096
386.663
626
0
459.36
421.92
422.897
626
2
439.2
408.96
404.051
626
1
177.12
341.28
147.225
512
0
194.4
336.96
164.505
512
2
193.536
338.688
163.529
512
1
194.4
322.8
166.031
242
0
208.8
318.24
180.188
242
2
208.8
319.2
180.188
242
1
365.76
181.44
334.461
457
0
381.6
177.12
351.343
457
2
339.84
184.32
309.72
1251
2
336.96
185.76
306.84
1251
1
418.176
400.896
383.027
628
0
443.52
384.48
409.878
628
2
404.64
394.56
369.827
493
0
430.56
378.72
397.282
493
2
432
378.72
398.722
493
1
426.816
364.608
394.11
598
0
444.96
349.92
413.904
598
2
444.96
349.92
414.12
598
1
416.16
364.32
384.031
1198
2
416.16
364.32
384.16
1198
1
535.68
447.84
497.476
1484
2
495.36
442.08
456.824
542
0
522.72
416.16
486.619
542
2
524.16
414.72
488.541
542
1
440.4
444
401.864
351
0
469.44
420.48
433.109
351
2
472.8
421.2
436.469
351
1
113.76
324
85.4914
467
0
123.84
322.56
95.0008
467
2
123.84
324
94.8755
467
1
151.2
324
122.831
466
0
162.72
321.12
133.881
466
2
162.72
322.56
133.881
466
1
116.4
298.8
90.0148
335
0
120.96
296.64
94.0963
335
2
118.8
298.8
91.8277
335
1
296.64
216
267.443
1305
2
292.8
218.4
263.603
1305
1
255.6
223.2
226.058
369
0
272.16
216
242.856
369
2
269.28
218.88
239.976
369
1
282.24
204.48
252.233
506
0
298.08
197.28
268.428
506
2
56.16
444.96
19.0198
538
0
90.72
444.96
52.877
538
2
92.16
444.96
54.2093
538
1
385.92
443.52
347.969
1023
2
387.6
444
349.649
1023
1
354.24
440.64
316.752
1031
2
355.68
440.64
318.192
1031
1
343.872
435.456
306.384
1080
0
381.6
419.04
345.401
1080
2
383.04
417.6
347.069
1080
1
293.76
442.08
256.024
451
0
334.08
427.68
297.281
451
2
335.52
427.68
298.823
451
1
84.96
226.08
63.1379
1392
2
83.52
228.96
61.5781
1392
1
33.12
218.88
11.8773
1399
2
31.68
221.76
10.0934
1399
1
48.96
192.96
29.5895
1773
2
429.12
214.56
398.863
483
0
439.2
208.8
410.464
483
2
435.6
211.2
406.761
483
1
405.6
206.4
375.112
238
0
416.16
200.16
387.09
238
2
411.84
201.6
382.77
238
1
136.8
116.64
103.742
1574
2
125.28
86.4
91.4104
1149
2
121.2
88.8
87.3304
1149
1
511.2
411.84
474.737
543
0
529.92
388.8
495.935
543
2
530.4
388.8
496.415
543
1
483.84
385.92
450.085
1163
2
485.28
384.48
451.863
1163
1
512.64
364.32
480.512
1193
2
512.4
364.8
480.272
1193
1
478.08
387.36
443.508
522
0
495.36
368.64
462.892
522
2
496.8
367.2
464.672
522
1
208.8
224.4
179.367
386
0
223.2
218.88
193.658
386
2
221.184
221.184
191.642
386
1
180
214.56
149.88
1630
2
180
214.56
149.743
1630
1
213.12
195.84
182.632
529
0
231.84
190.08
201.468
529
2
228.096
191.808
197.724
529
1
299.52
182.88
268.56
486
0
316.8
178.56
286.428
486
2
312.768
179.712
282.511
486
1
371.52
214.56
342.681
1687
2
345.6
216
316.761
1688
2
364.32
216
334.425
533
0
377.28
210.24
348.316
533
2
335.52
200.16
305.978
1295
2
333.504
202.176
304.071
1295
1
84
82.8
64.9796
1464
0
59.04
77.76
39.3161
1464
2
55.2
80.4
35.4761
1464
1
440.64
177.12
409.094
404
0
452.16
172.8
422.376
404
2
449.28
172.8
419.496
404
1
398.88
188.64
367.703
485
0
411.84
184.32
382.056
485
2
409.536
184.896
379.752
485
1
443.52
158.4
413.4
1631
2
508.032
214.272
477.544
1703
0
509.76
207.36
481.148
1703
2
472.32
211.68
441.948
521
0
478.08
205.92
449.344
521
2
475.2
212.4
446.71
521
1
87.6
406.8
53.4994
223
0
119.52
401.76
84.7071
223
2
134.4
357.6
103.56
1588
0
152.64
354.24
121.341
1588
2
114
355.2
83.3956
393
0
131.04
352.8
99.9841
393
2
125.28
348.48
94.4396
393
1
72
447.84
34.8598
537
0
106.56
446.4
68.6093
537
2
106.8
448.8
68.5956
537
1
122.4
414
87.5871
254
0
152.64
410.4
117.367
254
2
154.08
410.4
118.556
254
1
92.4
427.2
56.7811
221
0
123.84
424.8
87.3769
221
2
125.28
424.8
88.8169
221
1
501.12
156.96
468.992
550
0
506.88
154.08
476.76
550
2
501.12
155.52
471.113
550
1
498.24
155.52
468.233
1635
2
263.52
288
235.972
413
0
273.6
283.68
246.389
413
2
272.16
283.68
244.949
413
1
228.96
293.76
201.749
1728
2
398.88
30.24
364.663
1135
2
396
33.12
361.899
1135
1
544.32
159.84
512.32
417
0
544.32
156.96
514.536
417
2
139.968
34.56
104.444
1511
2
98.496
57.024
63.9238
556
0
120.96
48.384
85.6866
556
2
118.195
49.7664
83.0458
556
1
114
201.6
94.7507
366
0
95.04
198.72
75.4322
366
2
93.6
201.6
73.6499
366
1
133.056
174.528
102
562
0
157.248
169.344
125.702
562
2
147.226
172.109
115.804
562
1
570.24
39.744
537.64
1187
2
564.48
41.76
531.774
1187
1
463.104
300.672
435.782
1725
2
461.376
298.944
434.404
1725
1
417.6
318.24
388.53
491
0
428.544
307.584
400.747
491
2
426.816
307.584
399.268
491
1
79.488
390.528
45.7327
1553
2
67.392
347.328
36.9042
1219
2
67.392
349.056
36.5516
1219
1
48
357.6
17.5122
313
0
60.48
357.696
29.1811
313
2
60.48
358.56
29.0582
313
1
79.488
323.136
50.6488
1689
2
68.4
306
41.8924
320
0
69.12
305.856
41.6852
320
2
69.12
308.16
41.5718
320
1
57.024
304.128
30.5164
1363
0
57.024
304.128
29.5892
1363
2
57.024
305.856
29.5892
1363
1
241.92
390.528
207.703
1136
2
241.92
390.528
207.819
1136
1
154.08
398.88
119.979
524
0
183.168
393.984
148.833
524
2
183.168
395.712
148.715
524
1
193.536
354.24
162.696
588
0
214.272
349.056
183.312
588
2
214.272
350.784
183.312
588
1
312.768
390.528
278.783
1540
2
220.32
404.64
185.386
434
0
254.016
395.712
219.444
434
2
253.44
396
218.868
434
1
275.789
356.659
244.612
772
0
297.216
349.056
266.376
772
2
245.376
366.336
213.376
587
0
269.568
359.424
237.922
587
2
269.568
359.424
238.022
587
1
145.44
290.88
119.516
454
0
148.608
288.576
122.344
454
2
146.88
290.304
120.495
454
1
133.2
250.8
110.092
293
0
127.872
248.832
104.287
293
2
126.72
250.56
103.023
293
1
520.128
290.304
492.446
669
0
514.944
279.936
488.783
669
2
514.944
278.208
488.902
669
1
478.656
288.576
452.271
1378
2
476.928
288.576
450.664
1378
1
430.272
378.432
396.994
1178
2
430.272
378.432
397.105
1178
1
385.344
388.8
351.127
554
0
419.904
381.888
386.375
554
2
420.48
381.6
387.312
554
1
427.162
362.88
394.562
766
0
444.096
350.784
413.04
766
2
444.096
350.784
413.136
766
1
421.632
352.512
390.333
1206
2
421.632
352.512
390.455
1206
1
57.024
444.096
19.8838
656
0
89.856
445.824
52.0131
656
2
91.584
445.824
53.6333
656
1
63.936
412.992
29.3638
658
0
91.584
412.992
56.06
658
2
93.312
412.646
57.788
658
1
43.2
404.352
8.26551
1073
2
46.08
419.04
9.88091
1073
1
207.36
95.04
173.718
590
0
233.28
89.856
199.751
590
2
226.368
93.312
193.09
590
1
171.36
108
138.193
479
0
193.536
101.952
160.258
479
2
188.352
103.68
155.074
479
1
530.496
388.8
496.395
1142
2
530.496
388.8
496.511
1142
1
462.413
402.278
426.794
704
0
483.84
385.344
450.085
704
2
483.84
385.344
450.311
704
1
475.2
366.336
442.838
1196
2
476.928
364.954
444.8
1196
1
387.072
444.096
349.121
1025
2
387.36
443.52
349.517
1025
1
293.76
435.456
256.272
566
0
333.504
428.544
296.706
566
2
506.304
433.728
469.025
1049
2
506.304
433.728
469.164
1049
1
521.856
416.448
485.755
1095
2
523.584
414.72
487.965
1095
1
438.912
444.096
400.227
625
0
470.016
421.632
433.453
625
2
472.32
420.48
436.219
625
1
483.149
337.997
452.308
695
0
489.024
326.592
459.72
695
2
504.576
295.488
477.838
1369
2
505.44
295.2
478.702
1369
1
499.392
312.768
470.322
1471
0
501.12
298.944
474.148
1471
2
501.12
298.944
474.148
1471
1
229.824
404.352
194.675
1515
2
154.08
407.52
119.267
546
0
186.624
400.896
151.926
546
2
204.48
414.72
168.734
546
1
164.16
321.408
135.424
1336
2
165.6
321.12
136.864
1336
1
114.048
324.864
85.7795
608
0
122.688
323.136
93.8488
608
2
122.688
324.864
93.7235
608
1
116.64
298.08
90.2548
468
0
120.96
297.216
93.9877
468
2
119.52
298.08
92.5477
468
1
124.416
86.4
90.5464
1150
2
120.96
89.28
87.0904
1150
1
247.104
77.76
212.887
568
0
273.024
72.576
239.495
568
2
266.112
74.304
232.583
568
1
288.576
44.928
254.123
1532
2
278.208
36.288
243.51
1527
2
214.56
348.48
184.072
509
0
236.736
342.144
206.364
509
2
236.16
342.72
205.788
509
1
207.36
319.68
178.748
1345
2
207.36
319.68
178.748
1345
1
172.8
214.272
142.543
1616
2
171.072
216
140.815
1616
1
131.328
222.912
109.624
1396
2
129.6
224.64
107.778
1396
1
169.344
212.544
139.087
1617
2
126.144
190.08
106.895
1440
2
122.688
191.808
103.549
1440
1
381.888
387.072
348.018
1547
2
328.32
387.072
294.45
1548
2
300.672
366.336
268.544
564
0
324.864
355.968
293.565
564
2
295.488
216
266.291
1306
2
292.32
217.44
263.123
1306
1
254.016
222.912
224.474
615
0
271.296
217.728
241.992
615
2
269.568
217.728
240.264
615
1
281.664
203.904
251.657
617
0
298.944
198.72
269.292
617
2
295.488
196.992
265.704
617
1
231.552
222.912
201.9
636
0
250.56
212.544
220.908
636
2
366.336
181.44
335.037
591
0
381.888
176.256
351.631
591
2
319.68
193.536
289.076
654
0
343.872
184.896
313.865
654
2
221.184
183.168
190.344
1598
2
219.456
183.168
188.616
1598
1
162.72
174.24
131.664
436
0
190.08
169.344
158.658
436
2
349.056
214.272
320.217
1337
2
348.48
216
319.744
1337
1
364.608
216
334.713
651
0
376.704
210.816
347.74
651
2
320.4
206.4
290.28
376
0
336.96
200.448
307.418
376
2
334.08
201.6
304.538
376
1
297.216
183.168
266.256
605
0
316.224
179.712
285.967
605
2
313.114
180.403
282.856
605
1
250.56
184.32
219.838
487
0
267.84
179.712
237.352
487
2
264.384
181.44
234.012
487
1
451.008
438.912
413.52
1040
2
452.736
437.184
415.353
1040
1
409.536
440.64
371.693
1027
2
411.264
440.64
373.635
1027
1
459.648
421.632
423.185
1500
2
393.12
443.52
354.916
1070
0
428.544
425.088
391.847
1070
2
430.56
423.36
394.229
1070
1
136.512
381.888
103.095
1567
2
136.512
383.616
102.983
1567
1
152.064
354.24
120.765
1589
2
113.76
355.68
83.1556
526
0
131.328
352.512
100.272
526
2
130.637
354.586
99.4599
526
1
438.912
209.088
410.176
1330
2
435.456
209.088
406.617
1330
1
414.72
200.448
385.65
1679
2
207.36
224.64
177.927
637
0
222.912
219.456
193.37
637
2
221.875
219.802
192.333
637
1
205.92
198.72
175.432
530
0
231.552
190.08
201.18
530
2
167.616
217.728
137.832
618
0
184.896
210.816
154.639
618
2
179.712
214.272
149.455
618
1
509.76
181.44
480.563
1672
2
470.016
172.8
438.37
660
0
476.928
179.712
447.276
660
2
518.4
155.52
486.168
661
0
523.584
155.52
493.689
661
2
518.4
154.08
488.393
661
1
475.2
160.704
445.193
1254
2
471.744
160.704
441.624
1254
1
440.64
177.984
409.094
640
0
451.008
172.8
421.224
640
2
447.552
174.528
417.768
640
1
399.168
190.08
367.991
624
0
412.992
184.896
383.208
624
2
410.573
184.55
380.789
624
1
442.368
160.704
410.496
642
0
452.736
155.52
422.479
642
2
449.28
158.976
419.023
642
1
503.885
199.066
472.925
743
0
508.032
193.536
479.193
743
2
503.885
194.918
474.92
743
1
497.664
203.213
466.942
1690
0
499.392
198.72
470.553
1690
2
131.04
436.32
94.3428
545
0
167.616
432
130.476
545
2
169.344
433.728
132.204
545
1
107.136
445.824
69.1853
1485
2
122.4
413.28
87.5871
547
0
152.064
411.264
116.66
547
2
164.16
394.56
129.825
547
1
92.16
426.24
56.636
539
0
124.416
425.088
87.7188
539
2
126.144
425.088
89.5809
539
1
323.136
342.144
292.879
1618
2
411.6
280.8
383.687
401
0
418.176
271.296
391.438
401
2
417.6
270.72
390.736
401
1
549.504
428.544
512.604
1056
2
551.232
428.544
514.332
1056
1
50.112
288.576
24.6667
671
0
44.928
288.576
18.5428
671
2
43.2
292.032
16.5866
671
1
255.744
323.136
226.905
574
0
271.296
316.224
243.027
574
2
270.72
316.8
242.351
574
1
262.656
288.576
235.108
672
0
273.024
283.392
245.813
672
2
273.024
285.12
245.942
672
1
210.816
444.096
173.08
558
0
252.288
433.728
214.905
558
2
252.288
433.728
214.905
558
1
366.336
38.016
330.812
677
0
390.528
39.744
356.543
677
2
387.763
39.3984
353.779
677
1
499.392
32.832
463.518
674
0
511.488
36.288
478.21
674
2
506.304
38.016
473.026
674
1
539.136
161.741
507.136
776
0
539.136
158.976
509.484
776
2
539.136
158.976
509.594
776
1
247.104
84.672
213.575
1557
2
245.376
72.576
211.506
1152
2
240.48
74.88
206.725
1152
1
82.944
164.16
64.7456
1458
2
81.216
167.616
63.0176
1458
1
242.611
387.763
208.627
1541
2
153.792
399.168
119.691
629
0
182.477
393.984
148.142
629
2
182.477
393.984
148.142
629
1
512.179
410.573
475.716
767
0
530.842
387.763
496.857
767
2
530.842
387.763
496.857
767
1
483.149
383.616
449.62
1558
2
383.201
385.69
349.217
850
0
431.309
377.395
398.141
850
2
431.309
377.395
398.141
850
1
393.984
396.058
359.171
705
0
420.941
379.469
387.663
705
2
420.941
379.469
387.773
705
1
423.014
352.512
391.716
1207
2
423.014
352.512
391.838
1207
1
371.174
427.162
334.376
1066
2
371.174
427.162
334.611
1066
1
333.85
429.235
296.949
1495
2
346.291
433.382
309.013
765
0
381.542
418.867
345.441
765
2
383.616
416.794
347.742
765
1
296.525
215.654
267.328
1307
2
292.032
217.728
262.835
1307
1
248.832
221.461
219.18
801
0
271.642
215.654
242.338
801
2
282.01
203.213
252.002
711
0
298.598
196.992
268.947
711
2
207.36
223.949
177.818
733
0
250.906
207.36
221.122
733
2
194.089
213.996
163.969
733
1
72.576
308.966
45.0278
1723
2
67.68
306.72
41.0666
473
0
68.4288
304.819
40.994
473
2
67.392
309.312
39.5949
473
1
145.152
290.304
119.228
583
0
147.226
288.23
120.962
583
2
147.226
290.304
120.84
583
1
124.416
277.862
98.8406
1743
2
132.48
250.56
109.372
456
0
126.49
248.832
102.905
456
2
126.144
250.56
102.447
456
1
207.36
95.3856
173.718
778
0
232.243
91.2384
198.826
778
2
226.022
93.312
192.745
778
1
172.8
101.952
139.383
572
0
199.066
95.3856
165.649
572
2
230.17
402.278
195.113
1517
2
153.792
407.808
119.094
665
0
186.624
400.205
151.926
665
2
188.698
400.205
154
665
1
236.39
340.07
206.133
1619
2
176.256
323.482
147.644
712
0
194.918
335.923
165.134
712
2
164.229
320.993
135.493
712
1
192.845
321.408
164.476
687
0
207.36
317.261
178.87
687
2
206.531
320.993
177.918
687
1
203.213
186.624
172.372
1600
0
221.875
182.477
191.035
1600
2
219.802
182.477
188.961
1600
1
172.109
174.182
141.053
706
0
190.771
167.962
159.349
706
2
460.339
420.941
423.876
1501
2
408.499
437.53
371.116
1046
2
410.573
437.53
373.294
1046
1
412.646
427.162
375.506
703
0
439.603
408.499
404.33
703
2
443.75
406.426
408.816
703
1
167.962
221.875
137.954
1636
2
170.035
211.507
139.663
1242
2
170.035
215.654
139.778
1242
1
124.416
190.771
105.277
1441
2
122.342
192.845
103.204
1441
1
246.758
76.7232
212.541
717
0
273.715
72.576
240.186
717
2
267.494
74.6496
233.966
717
1
261.274
47.6928
226
779
0
288.23
43.5456
253.777
779
2
248.832
39.3984
213.428
718
0
277.862
39.3984
243.29
718
2
273.715
39.3984
239.143
718
1
152.064
323.136
123.695
607
0
163.814
319.334
135.202
607
2
164.16
321.408
135.424
607
1
111.974
323.482
83.7059
713
0
122.342
321.408
93.5032
713
2
97.0445
340.9
66.924
713
1
117.504
298.944
91.1188
609
0
122.342
296.525
95.4787
609
2
120.96
298.944
94.0963
609
1
437.53
213.581
407.409
730
0
439.603
207.36
410.868
730
2
437.53
207.36
408.69
730
1
403.108
206.531
372.62
820
0
414.72
201.139
385.65
820
2
410.573
201.554
381.376
820
1
364.954
215.654
335.058
738
0
377.395
209.434
348.326
738
2
321.408
205.286
291.288
741
0
335.923
201.139
306.381
741
2
335.923
203.213
306.49
741
1
230.17
221.875
200.386
732
0
246.758
217.728
217.216
732
2
243.855
218.972
214.313
732
1
194.918
217.728
165.023
1264
2
192.845
219.802
162.949
1264
1
205.632
198.72
175.144
639
0
230.17
190.771
199.798
639
2
228.096
192.845
197.839
639
1
165.888
215.654
135.993
719
0
184.55
209.434
154.293
719
2
178.33
213.581
148.072
719
1
454.118
178.33
422.573
749
0
462.413
174.182
432.629
749
2
400.205
188.698
369.028
731
0
412.646
184.55
382.862
731
2
443.75
159.667
411.878
751
0
454.118
155.52
423.861
751
2
391.91
176.256
361.79
1252
2
388.8
176.256
358.68
1252
1
320.993
191.601
290.271
834
0
337.997
186.624
307.989
834
2
68.4288
103.68
49.7634
1474
0
41.472
97.4592
21.9883
1474
2
39.3984
99.5328
19.7906
1474
1
296.525
182.477
265.565
691
0
315.187
178.33
284.815
691
2
311.04
181.647
280.92
691
1
279.936
180.403
249.679
1620
2
265.421
161.741
234.365
1214
2
265.421
165.888
234.461
1214
1
497.664
204.042
466.942
839
0
501.811
196.992
472.972
839
2
499.738
199.066
470.898
839
1
470.293
213.996
440.035
840
0
476.928
205.286
448.089
840
2
472.781
206.531
444.045
840
1
133.056
380.16
100.35
630
0
155.52
375.322
122.706
630
2
155.52
377.395
122.571
630
1
95.3856
400.205
61.6303
747
0
134.784
381.542
101.367
747
2
136.858
381.542
103.441
747
1
153.446
352.512
122.391
1591
2
114.048
355.968
83.4436
631
0
130.637
352.512
99.5809
631
2
510.106
180.403
480.802
1299
2
504.576
179.712
475.272
1299
1
483.149
172.109
453.607
1288
2
479.002
172.109
449.46
1288
1
517.571
156.764
485.442
837
0
524.621
155.52
494.725
837
2
517.571
156.764
487.563
837
1
499.738
159.667
469.842
1260
2
501.811
157.594
471.804
1260
1
131.328
437.184
94.6308
1491
0
167.962
431.309
130.821
1491
2
93.312
425.088
57.788
745
0
126.49
423.014
90.159
745
2
121.928
403.108
87.8271
844
0
151.373
398.131
116.801
844
2
153.446
400.205
118.748
844
1
107.827
408.499
73.2551
759
0
136.858
406.426
101.584
759
2
138.931
406.426
103.658
759
1
418.176
317.952
389.212
604
0
429.235
306.893
401.554
604
2
427.162
306.893
399.613
604
1
380.16
321.408
350.963
667
0
391.91
311.04
363.88
667
2
390.528
312.768
362.497
667
1
411.84
279.36
383.927
551
0
418.867
269.568
392.129
551
2
416.448
271.296
389.71
551
1
505.958
304.819
477.468
696
0
505.958
294.451
479.22
696
2
504.576
295.488
477.838
696
1
481.075
298.598
453.278
697
0
481.075
288.23
454.914
697
2
479.002
288.23
452.738
697
1
387.763
387.763
353.894
1151
2
387.072
390.528
353.202
1151
1
553.651
437.53
516.268
1489
2
468.634
418.867
432.435
1078
2
470.016
419.904
433.915
1078
1
103.68
285.12
78.2347
584
0
103.68
282.01
77.7565
584
2
103.68
284.083
77.6384
584
1
257.76
321.12
229.024
440
0
271.642
315.187
243.492
440
2
269.568
317.952
241.078
440
1
263.347
286.157
235.799
769
0
273.715
282.01
246.504
769
2
271.642
284.083
244.431
769
1
95.3856
431.309
58.3486
1050
2
95.3856
433.382
58.2454
1050
1
57.024
347.328
27.3724
580
0
68.4288
346.291
38.0568
580
2
68.4288
348.365
37.7068
580
1
252.979
416.794
216.78
1042
2
252.979
433.382
215.596
1042
1
244.685
364.954
212.812
773
0
269.568
356.659
238.146
773
2
269.568
358.733
238.146
773
1
570.24
39.3984
537.64
1188
2
566.093
41.472
533.386
1188
1
516.326
41.472
483.049
1571
2
532.915
174.182
501.27
760
0
541.21
157.594
511.426
760
2
539.136
159.667
509.594
760
1
201.139
82.944
167.27
1549
2
95.3856
199.066
75.6617
1408
2
93.312
202.176
73.2418
1408
1
132.48
174.24
101.424
437
0
149.299
167.962
117.753
437
2
145.152
171.072
113.73
437
1
94.5562
323.482
66.2876
791
0
104.509
323.482
75.6702
791
2
103.68
325.555
74.7155
791
1
67.392
305.856
40.8844
594
0
67.1846
306.063
39.7498
594
2
64.6963
308.552
37.1481
594
1
143.078
290.304
117.155
1739
0
146.811
288.645
120.547
1739
2
138.931
286.157
113.486
1472
0
141.834
283.669
115.911
1472
2
138.931
286.157
112.77
1472
1
132.71
250.906
109.602
690
0
126.904
248.832
103.319
690
2
130.637
223.949
108.815
690
1
164.229
320.993
135.493
1339
2
163.814
321.408
135.079
1339
1
111.974
323.482
83.7059
816
0
121.928
323.482
93.0885
816
2
119.439
325.97
90.4749
816
1
121.928
296.11
95.064
1733
2
233.902
74.6496
199.685
794
0
251.32
72.1613
217.451
794
2
286.157
47.2781
251.822
1535
2
525.036
427.991
488.135
1067
2
527.524
425.503
491.061
1067
1
467.804
420.526
431.474
1082
2
470.707
418.867
434.736
1082
1
505.129
415.549
468.432
797
0
527.524
390.666
493.423
797
2
530.012
388.178
496.027
797
1
433.382
425.088
396.482
702
0
462.828
410.573
427.209
702
2
462.828
408.085
427.554
702
1
67.1846
430.479
31.3102
812
0
97.0445
430.479
60.1441
812
2
36
423.36
0.476021
1473
0
62.208
425.503
25.7449
1473
2
64.2816
425.088
27.951
1473
1
64.2816
412.646
29.7094
748
0
92.0679
413.061
56.449
748
2
89.5795
415.549
53.8333
748
1
427.991
375.736
394.933
1575
2
420.526
380.713
387.109
1568
2
425.503
363.295
392.903
1225
0
442.921
348.365
411.961
1225
2
445.824
348.365
415.102
1225
1
423.014
353.341
391.716
1590
2
296.11
184.136
265.27
868
0
313.528
179.159
283.271
868
2
307.556
182.145
277.299
868
1
248.832
171.694
217.655
806
0
268.739
166.717
237.898
806
2
263.762
166.717
232.922
806
1
116.122
109.901
83.3078
716
0
129.393
102.021
95.8637
716
2
126.904
104.509
93.3754
716
1
132.71
379.469
100.111
726
0
154.276
378.225
121.218
726
2
154.276
378.225
121.327
726
1
109.486
385.69
76.7796
857
0
134.369
383.201
100.84
857
2
134.369
383.201
100.84
857
1
114.048
354.586
83.5602
727
0
131.881
350.853
100.921
727
2
131.881
353.341
100.825
727
1
221.461
181.647
190.62
1230
2
236.39
181.647
205.903
1230
1
213.996
184.136
183.155
1601
2
176.671
87.0912
142.801
864
0
201.554
82.1146
167.684
864
2
216.484
49.7664
181.427
1530
0
243.855
47.2781
209.283
1530
2
196.577
47.2781
161.643
1521
2
412.066
182.145
380.767
916
0
425.503
176.671
395.607
916
2
445.409
176.671
415.625
916
1
400.62
189.112
369.443
826
0
413.061
184.136
383.277
826
2
410.573
184.136
380.789
826
1
452.874
156.764
422.617
1274
2
447.898
174.182
418.114
1274
1
253.809
221.461
224.157
822
0
243.855
216.484
214.204
822
2
186.624
221.461
156.84
1267
2
182.145
223.949
152.25
1267
1
211.507
196.577
181.019
803
0
228.925
191.601
198.553
803
2
226.437
194.089
196.065
803
1
166.717
213.996
136.71
830
0
181.647
211.507
151.39
830
2
179.159
213.996
148.902
830
1
430.479
213.996
400.222
819
0
440.433
206.531
411.593
819
2
437.944
209.019
409.105
819
1
400.122
206.033
369.634
892
0
413.061
201.554
383.991
892
2
501.645
185.131
470.224
921
0
505.129
194.089
476.165
921
2
375.736
181.647
344.437
1255
0
388.178
176.671
358.057
1255
2
389.837
176.256
359.716
1255
1
338.412
186.624
308.404
1637
2
505.129
184.136
473.707
835
0
507.617
179.159
478.42
835
2
505.958
180.403
476.654
835
1
472.781
176.671
441.359
836
0
480.246
171.694
450.594
836
2
474.772
173.187
444.987
836
1
521.28
158.4
489.28
549
0
522.547
154.276
492.652
549
2
516.575
155.271
486.568
549
1
465.316
164.229
433.316
838
0
472.781
161.741
442.773
838
2
470.293
161.741
440.285
838
1
375.736
209.019
346.772
1683
2
316.514
217.977
286.863
895
0
335.923
201.554
306.381
895
2
147.226
423.014
111.479
756
0
179.159
420.526
142.696
756
2
182.477
420.941
146.146
756
1
94.5562
425.503
59.0322
811
0
126.904
423.014
90.5737
811
2
128.563
423.014
92.2326
811
1
151.373
398.131
117.272
758
0
179.159
395.643
144.587
758
2
181.647
395.643
147.194
758
1
106.998
408.085
72.4256
813
0
136.858
408.085
101.453
813
2
136.858
408.085
101.453
813
1
418.867
317.261
389.903
763
0
427.991
308.552
400.078
763
2
427.991
308.552
400.309
763
1
325.97
325.97
296.9
1315
2
325.555
327.629
296.485
1315
1
505.129
306.063
476.517
787
0
502.641
296.11
475.777
787
2
503.885
294.451
477.271
787
1
480.246
298.598
452.449
788
0
480.246
288.645
453.982
788
2
480.246
288.645
453.982
788
1
333.435
427.991
296.636
1497
2
338.412
370.76
306.049
1192
2
337.997
369.101
305.765
1192
1
542.454
427.991
505.655
1062
2
545.357
427.162
508.66
1062
1
456.856
385.192
422.521
888
0
475.269
365.783
443.037
888
2
475.269
365.783
443.141
888
1
103.68
284.083
78.3475
680
0
104.509
281.18
78.703
680
2
102.021
283.669
76.0976
680
1
308.552
316.017
280.062
1706
2
191.601
323.482
163.111
855
0
206.531
318.505
178.041
855
2
204.241
322.486
175.506
855
1
263.762
286.157
236.214
856
0
273.715
281.18
246.504
856
2
271.227
283.669
244.016
856
1
151.788
403.108
117.57
843
0
184.136
393.155
149.918
843
2
185.131
400.122
150.433
843
1
243.855
365.783
211.983
860
0
268.739
355.83
237.317
860
2
268.739
355.83
237.44
860
1
213.996
348.365
183.155
1221
2
213.996
348.365
183.155
1221
1
510.106
47.2781
477.048
1576
2
531.505
206.033
500.901
936
0
532.501
199.066
504.011
936
2
528.519
200.061
500.029
936
1
531.505
173.187
499.86
937
0
532.501
171.694
503.067
937
2
121.928
87.0912
88.0581
1153
2
118.195
89.1648
84.4399
1153
1
170.035
107.827
136.868
715
0
191.601
102.021
158.323
715
2
188.698
103.68
155.42
715
1
169.206
211.507
138.834
1243
2
165.888
213.581
135.631
1243
1
97.0445
199.066
77.3206
1409
2
94.5562
201.554
74.606
1409
1
124.416
189.112
105.396
1442
2
121.928
191.601
102.789
1442
1
250.823
220.963
221.171
882
0
268.739
216.484
239.305
882
2
261.274
218.972
231.84
882
1
365.783
47.2781
330.634
869
0
390.666
47.2781
356.797
869
2
380.713
47.2781
346.958
869
1
139.346
174.182
108.29
790
0
152.285
170.201
120.739
790
2
122.425
191.103
103.405
1443
2
119.439
194.089
100.301
1443
1
134.369
176.173
103.313
940
0
146.313
167.215
114.768
940
2
176.173
325.472
147.437
879
0
191.103
322.486
162.491
879
2
191.103
322.486
162.491
879
1
167.215
220.963
137.208
1266
2
164.229
223.949
134.334
1266
1
161.243
214.991
131.348
944
0
173.187
212.005
143.067
944
2
175.576
211.408
145.204
944
1
265.753
185.131
235.031
890
0
280.683
182.145
250.562
890
2
280.683
182.145
250.425
890
1
244.851
170.201
213.674
899
0
265.753
164.229
234.793
899
2
262.767
167.215
231.926
899
1
418.038
322.486
388.604
941
0
429.982
316.514
401.492
941
2
426.996
310.542
399.199
941
1
397.136
313.528
368.987
1719
2
498.659
203.047
467.937
901
0
504.631
197.075
475.792
901
2
500.152
199.066
471.313
901
1
465.814
203.047
435.092
902
0
471.786
206.033
443.05
902
2
492.687
176.671
463.145
902
1
429.982
212.005
399.61
891
0
438.94
206.033
410.1
891
2
438.94
209.019
410.204
891
1
385.192
212.005
354.935
906
0
397.136
206.033
368.171
906
2
394.15
209.019
365.08
906
1
370.262
209.019
341.298
1324
2
368.271
211.507
339.307
1324
1
336.819
214.991
306.924
956
0
352.346
209.019
323.382
956
2
347.569
211.408
318.499
956
1
206.033
220.963
176.381
883
0
220.963
217.977
191.421
883
2
214.991
217.977
185.207
883
1
179.159
217.977
149.264
911
0
194.089
217.977
164.194
911
2
194.089
214.991
164.081
911
1
241.865
214.991
212.213
1281
2
238.879
217.977
209.227
1281
1
179.159
218.972
149.375
828
0
194.089
212.005
164.081
828
2
206.531
186.624
175.69
828
1
206.033
95.5515
172.391
894
0
229.921
89.5795
196.392
894
2
223.949
92.5655
190.42
894
1
173.187
101.523
139.77
938
0
197.075
95.5515
163.658
938
2
194.089
98.5375
160.672
938
1
250.823
71.6636
216.953
1138
2
247.837
65.6917
213.736
1138
1
200.061
71.6636
165.844
1137
2
194.089
74.6496
159.988
1137
1
340.402
197.075
309.798
907
0
355.332
191.103
325.548
907
2
322.486
191.103
291.764
935
0
340.402
188.117
310.507
935
2
337.416
188.117
307.409
935
1
438.94
182.145
407.641
915
0
415.052
185.131
385.268
915
2
444.912
179.159
415.128
915
1
437.148
161.243
405.377
961
0
450.884
158.257
420.626
961
2
447.898
157.66
417.641
961
1
495.673
176.173
466.131
1662
2
471.786
176.173
440.364
922
0
477.758
173.187
448.215
922
2
476.563
175.576
446.912
922
1
489.701
161.243
457.829
924
0
498.659
158.257
468.764
924
2
498.062
157.66
468.055
924
1
462.23
164.826
430.23
978
0
471.786
161.243
441.778
978
2
468.8
164.229
438.792
978
1
131.383
421.024
95.8593
909
0
167.215
421.024
130.885
909
2
179.159
421.024
142.696
909
1
149.299
400.122
115.082
910
0
182.145
400.122
147.332
910
2
179.159
397.136
144.587
910
1
104.509
409.08
69.9373
918
0
134.369
406.094
99.0959
918
2
137.355
409.08
101.951
918
1
343.388
322.486
314.653
1698
2
418.038
271.725
391.3
1372
2
415.052
271.725
388.314
1372
1
501.645
295.612
474.782
1371
2
502.641
296.11
475.903
1371
1
501.645
304.57
473.377
953
0
498.659
286.655
472.395
953
2
498.659
286.655
472.499
953
1
410.573
427.991
373.433
847
0
441.926
409.08
406.652
847
2
442.921
408.085
407.772
847
1
382.206
421.024
346.007
1085
2
382.206
418.038
346.235
1085
1
426.399
361.901
393.931
982
0
441.926
346.374
411.204
982
2
441.926
346.374
411.321
982
1
507.617
418.038
470.58
885
0
528.519
391.164
494.302
885
2
528.519
394.15
494.185
885
1
465.814
418.038
429.615
1088
2
467.804
418.038
431.93
1088
1
458.647
383.4
424.547
983
0
474.772
367.276
442.304
983
2
476.563
365.485
444.435
983
1
119.439
298.598
93.1754
817
0
125.411
295.612
98.6734
817
2
64.6963
306.063
37.9584
793
0
62.7057
307.556
35.1575
793
2
137.355
286.655
111.194
1380
2
139.346
286.157
113.185
1380
1
104.509
283.669
79.177
853
0
104.509
280.683
78.819
853
2
101.523
283.669
75.3626
853
1
253.809
323.482
224.969
854
0
268.739
316.514
240.37
854
2
268.739
318.505
240.249
854
1
262.767
286.655
235.218
932
0
271.725
280.683
244.514
932
2
271.725
283.669
244.514
932
1
39.3984
420.941
4.24902
1071
0
89.5795
415.052
53.9607
1071
2
64.6963
425.503
28.3657
1071
1
110.481
385.192
77.775
920
0
134.369
382.206
100.84
920
2
134.369
385.192
100.728
920
1
59.7197
343.388
30.2863
934
0
68.6776
346.374
38.3056
934
2
71.6636
340.402
41.6561
934
1
167.215
421.024
131.469
908
0
203.047
415.052
167.076
908
2
204.042
415.549
168.168
908
1
244.851
364.29
212.978
871
0
268.739
355.332
237.317
871
2
268.739
355.332
237.44
871
1
185.131
340.402
154.874
1622
2
541.06
161.243
509.06
993
0
540.463
161.243
510.812
993
2
537.477
161.243
507.826
993
1
122.425
86.5936
88.5558
1550
2
169.206
106.998
135.928
863
0
191.103
101.523
157.825
863
2
182.742
103.912
149.325
863
1
244.851
74.6496
210.516
893
0
271.725
71.6636
238.083
893
2
266.25
72.1613
232.609
893
1
98.5375
197.075
78.9296
1411
2
95.5515
200.061
75.7102
1411
1
101.523
188.117
82.503
1444
2
98.5375
191.103
79.3987
1444
1
280.683
217.977
251.14
896
0
295.612
212.005
266.415
896
2
293.622
216.484
264.425
896
1
185.131
170.201
153.709
1204
2
182.145
173.187
150.723
1204
1
125.411
186.325
106.508
1795
2
186.325
171.993
155.027
1203
2
182.742
171.993
151.197
1203
1
136.161
175.576
105.105
998
0
154.077
171.993
122.655
998
2
243.656
71.6636
209.203
964
0
272.322
68.0805
238.567
964
2
265.753
71.6636
231.997
964
1
121.828
85.9964
87.9586
1551
2
118.245
89.5795
84.4897
1551
1
515.978
204.241
487.366
1342
2
490.896
200.658
462.16
1342
1
465.814
204.241
436.974
1340
2
459.842
206.033
431.106
1340
1
293.821
186.325
263.099
973
0
311.737
179.159
281.48
973
2
308.154
182.742
277.896
973
1
247.24
189.909
216.752
967
0
283.071
182.742
252.814
967
2
283.071
182.742
252.814
967
1
465.814
211.408
435.442
958
0
440.731
204.241
411.892
958
2
401.316
207.825
372.352
1325
2
397.733
207.825
368.769
1325
1
229.324
193.492
199.066
1623
2
197.075
189.909
166.353
968
0
214.991
186.325
184.15
968
2
211.408
186.325
180.567
968
1
232.907
82.4132
198.806
962
0
229.324
89.5795
195.795
962
2
265.155
71.6636
231.4
962
1
164.826
107.495
131.659
994
0
189.909
100.329
156.631
994
2
197.075
96.7459
163.658
994
1
250.823
68.0805
216.838
1143
2
247.24
68.0805
213.255
1143
1
154.077
225.74
124.643
943
0
186.325
222.157
156.541
943
2
182.742
222.157
152.735
943
1
146.313
220.963
116.662
912
0
154.077
218.574
124.181
912
2
154.077
225.74
124.293
912
1
164.229
214.991
134.334
913
0
182.742
207.825
152.254
913
2
176.173
212.005
145.916
913
1
107.495
408.483
72.9233
970
0
136.161
404.9
101.104
970
2
136.161
408.483
100.756
970
1
150.494
401.316
116.276
988
0
182.742
397.733
148.044
988
2
182.742
401.316
147.929
988
1
111.079
383.4
78.4788
1569
0
132.578
383.4
99.1608
1569
2
358.318
211.408
328.311
955
0
372.651
207.825
343.581
955
2
369.068
207.825
339.998
955
1
340.402
200.658
310.86
1289
2
337.416
203.047
307.874
1289
1
412.066
179.159
380.644
960
0
422.815
175.576
392.808
960
2
419.232
175.576
389.225
960
1
386.984
193.492
355.928
965
0
404.9
186.325
375.115
965
2
412.066
185.131
382.282
965
1
432.968
164.229
401.197
917
0
451.481
157.66
421.224
917
2
444.912
158.257
414.791
917
1
412.066
171.993
381.945
1633
2
501.645
200.658
470.686
957
0
505.229
193.492
476.264
957
2
501.645
197.075
472.806
957
1
476.563
193.492
447.366
1673
2
372.651
179.159
342.643
1261
2
369.068
179.159
339.06
1261
1
354.735
189.909
324.84
1262
2
351.152
189.909
321.144
1262
1
501.645
293.821
475.032
1373
2
501.645
295.612
474.907
1373
1
530.311
394.15
495.858
1126
2
530.311
394.15
495.976
1126
1
462.23
408.483
426.826
1107
2
462.23
408.483
426.957
1107
1
119.439
298.598
93.1754
881
0
110.481
325.472
82.2129
876
0
118.245
322.486
89.4058
876
2
119.439
325.472
90.4749
876
1
104.509
283.669
79.177
930
0
103.912
279.488
78.3368
930
2
103.912
283.071
77.9887
930
1
255.053
321.408
226.317
768
0
268.739
318.903
240.249
768
2
268.739
319.5
240.249
768
1
71.6636
408.483
37.4464
971
0
121.828
397.733
87.3751
971
2
118.245
401.316
83.6728
971
1
131.881
380.713
99.2811
808
0
154.077
376.234
121.019
808
2
155.271
379.22
122.213
808
1
96.7459
340.402
66.6254
1244
2
98.5375
340.402
68.2803
1244
1
268.739
354.735
237.44
1205
2
268.739
354.735
237.44
1205
1
175.576
336.819
145.924
989
0
193.492
333.236
163.95
989
2
193.492
333.236
163.95
989
1
533.894
204.241
503.054
992
0
533.894
197.075
505.282
992
2
530.311
197.075
501.821
992
1
519.561
157.66
489.666
1647
2
118.245
107.495
85.2961
951
0
132.578
100.329
98.936
951
2
128.397
104.509
94.8684
951
1
100.329
197.075
80.7212
1421
2
96.7459
197.075
77.1381
1421
1
121.828
189.909
102.925
1449
2
118.245
193.492
99.2245
1449
1
283.071
214.991
253.42
1674
0
297.404
211.408
268.207
1674
2
293.821
211.408
264.517
1674
1
225.74
218.574
195.845
948
0
243.656
214.991
214.005
948
2
240.073
214.991
210.289
948
1
440.731
408.483
405.582
1106
2
441.926
409.08
406.652
1106
1
154
408
119.187
1112
0
187
403
151.943
1112
1
45
234
22.591
1390
1
26
232
3.70345
1391
1
34
215
12.9916
1400
1
392
176
361.88
1245
1
376
177
345.743
1236
1
265
176
234.396
1226
1
425
445
386.575
204
0
461
422
424.669
204
1
170
420
134.254
158
0
204
415
168.126
158
1
480
375
447.186
1182
1
481
369
447.942
58
0
495
352
463.944
58
1
469.2
356.4
436.732
342
0
489
352
457.944
342
1
101
455
62.3153
1007
1
120
437
82.6168
1032
1
104
437
66.8598
1047
1
343
214
313.105
137
0
355
210
326.035
137
1
338
208
308.803
1301
1
339
186
308.992
1257
1
121
87
87.1304
1145
1
122
75
87.6652
1125
1
532.8
182.4
501.378
248
0
530
178
500.803
248
1
528
176
498.803
1302
1
519
166
489.348
1275
1
506
199
475.04
132
0
505
194
476.035
132
1
549
455
510.315
1009
1
551
436
513.617
1033
1
155
425
118.437
1063
1
133
411
97.476
1097
1
539
455
500.315
1010
1
521
459
482.082
1004
1
545
447
506.796
1015
1
511
441
473.264
1026
1
470
356
437.532
199
0
483
339
452.88
199
1
477
333
447.348
1276
1
535
394
500.547
1121
1
515
399
480.302
1117
1
477
176
445.578
54
0
482
172
452.458
54
1
459
182
429.458
1283
1
450
168
420.216
1268
1
100
418
64.1256
1086
1
136
403
101.066
1114
1
134
391
100.471
52
0
162
387
128.245
52
1
201
226
171.567
94
0
213
223
183.458
94
1
192
224
162.216
1269
1
229
192
198.743
1237
1
204
187
173.16
1215
1
293
218
263.803
1303
1
282
205.2
251.992
371
0
297
197
267.348
371
1
256
184
225.628
1232
1
44
177
25.685
1456
1
59
213
38.3388
1402
1
75
203
54.9298
1407
1
42
205
21.5814
1404
1
141
225
111.696
107
0
150
215
119.88
107
1
143
187
112.04
1211
1
241
43
206.302
1118
1
194
24
158.476
1098
1
311
24
276.187
1115
1
189
106
155.833
1172
1
229
93
195.722
1164
1
116
46
80.7266
1103
1
149
19
113.126
1087
1
476
212
447.51
1348
1
334
177
303.628
1233
1
349
216
320.264
1333
1
446
212
417.388
1343
1
520
35
486.833
1173
1
507
40
473.722
1165
1
568
41
535.294
1183
1
366
40
330.476
145
0
386
42
352.015
145
1
235
361
203.354
1199
1
313
393
278.783
1128
1
255
392
220.783
1129
1
244
373
211.294
1184
1
285
455
246.315
1011
1
41
381
7.72213
1166
1
42
379
8.8325
1174
1
51
451
13.5117
166
0
86
452
47.4644
166
1
44
446
5.90476
1020
1
275
284
247.789
1364
1
301
258
273.087
1359
1
206
326
176.93
1309
1
299
348
268.278
1222
1
257
350
226.04
1212
1
249
318
220.631
1352
1
55
269
30.0156
1383
1
65
248
41.7712
1388
1
105
280
79.3096
1381
1
140
331
110.567
1290
1
467
412
430.669
205
0
491
391
457.015
205
1
446
407
410.851
1108
1
416
378
382.245
3
0
440
367
407.871
3
1
405.6
396
370.665
341
0
433
379
399.722
341
1
338
456
299.082
1005
1
453
457
413.976
1003
1
433
419
396.899
1076
1
525
285
497.087
207
0
519
275
493.31
207
1
499.2
313.2
469.896
346
0
502
300
474.789
346
1
372
325
343.035
1317
1
341
316
312.631
1353
1
430
348
399.278
1223
1
463
331
432.743
216
0
471
318
442.631
216
1
504
343.2
473.396
1227
1
483.6
339.6
453.48
1249
1
262.8
174
232.078
1224
1
253.2
170.4
222.36
1216
1
518.4
171.6
488.858
1284
1
539.136
162.432
507.136
675
0
535.2
159.6
505.548
675
1
512.4
164.4
482.616
1270
1
118.8
448.8
80.3754
1013
1
120
436.8
82.6168
1034
1
70.8
436.8
34.4694
380
0
100.8
435.6
63.6598
380
1
513.6
454.8
474.23
398
0
542.4
427.2
505.703
398
1
511.2
436.32
473.105
541
0
535.2
410.4
499.676
541
1
525.6
410.4
490.196
1102
1
127
427
90.8989
77
0
154.8
424.8
118.237
77
1
505.2
180
475.896
1298
1
481.2
171.6
451.658
1285
1
457.2
177.6
427.548
1278
1
106
405
71.6652
86
0
135.6
403.2
100.666
86
1
523.2
26.4
489.671
1156
1
506.4
39.6
473.122
1167
1
314.4
417.6
278.299
1077
1
144
24
108.254
1091
1
476.4
289.2
450.015
1376
1
88.8
391.2
54.9304
1147
1
42
379.2
8.8325
1175
1
188.4
105.6
155.233
1176
1
192
97.2
158.583
1160
1
111.6
169.2
93.8695
1459
1
364.8
313.2
336.769
1357
1
340.8
315.6
312.531
1354
1
44.4
445.2
6.30476
1021
1
39.6
420
4.45062
1463
0
63.6
424.8
27.2694
1463
1
247.2
72
213.33
1148
1
310.8
24
275.987
1116
1
548.4
454.8
509.864
1012
1
552
428.4
515.1
1053
1
236.16
344.16
205.903
511
0
246
344.4
215.512
511
1
306
318
277.51
1349
1
152.4
220.8
122.393
1258
1
164.4
210
134.028
1235
1
97.2
192
78.0612
1438
1
240
43.2
205.302
1119
1
410.4
184.8
380.616
1272
1
188.4
436.8
151.5
1057
0
229.2
429.6
192.401
1057
1
243.6
373.2
210.894
1186
1
297.6
399.6
262.787
307
0
328.8
387.6
295.045
307
1
375.6
366
343.6
1197
1
58.8
213.6
38.1388
1403
1
42
205.2
21.5814
1405
1
368.4
212.4
339.436
1319
1
348
216
319.264
1334
1
392.4
210
363.436
1320
1
244.8
222
215.367
1291
1
206
199
175.628
95
0
222
195.6
191.628
95
1
520
210
489.396
131
0
518.4
204
489.788
131
1
64.8
277.2
39.3547
1382
1
530.4
433.2
493.5
1054
1
119.52
414.72
83.7738
1092
1
74.4
409.2
40.0652
1113
0
100.8
408.96
65.743
1113
1
457.92
177.12
428.268
1279
1
440.64
175.68
410.856
1273
1
117.6
390
84.4325
246
0
152.64
394.56
118.423
246
1
41.76
378.72
8.59251
1465
1
79.2
325.44
50.2355
1321
1
172.8
44.64
137.651
1468
0
195.84
41.76
160.783
1468
1
388.8
177.12
358.68
1250
1
341.28
315.36
313.011
1355
1
316.8
324
288.064
1335
1
269.28
331.2
239.847
1292
1
306.72
316.8
278.451
1356
1
465.12
347.04
433.574
488
0
476.64
332.64
446.988
488
1
246.24
77.76
212.139
553
0
266.4
74.88
232.871
553
1
200.16
224.64
170.727
528
0
214.56
221.76
184.908
528
1
43.2
446.4
4.99561
1018
1
113.76
110.88
81.0535
469
0
123.84
105.12
90.4231
469
1
393.12
208.8
364.05
1312
1
504.576
198.72
473.616
649
0
504
194.4
475.036
649
1
414.72
181.44
383.421
641
0
424.8
177.12
394.905
641
1
444.96
155.52
414.703
1241
1
417.6
312.48
389.687
1360
1
129.6
391.68
95.4994
1134
1
479.52
172.8
449.978
1287
1
119.52
436.32
82.1368
1039
1
286.848
335.232
257.064
573
0
304.128
328.32
274.931
573
1
93.6
335.52
64.6355
472
0
98.496
340.416
68.2388
472
1
164.16
174.528
132.983
561
0
177.984
171.072
146.438
561
1
540.864
421.632
504.665
1074
1
191.808
51.84
157.11
1120
1
566.093
39.3984
530.569
781
0
565.056
41.472
532.35
781
1
262.656
219.456
233.223
1294
1
336.96
186.624
306.84
1253
1
354.24
428.544
317.677
1065
1
369.792
323.136
340.953
1329
1
324.864
328.32
295.794
1313
1
349.056
319.68
320.444
1347
1
100.224
409.536
65.0746
1109
1
36
423.36
0.476021
1470
0
63.936
425.088
27.6054
1470
1
466.56
207.36
435.956
650
0
475.2
207.36
446.464
650
1
513.216
364.608
481.088
1195
1
481.075
375.322
447.32
700
0
494.208
359.424
462.562
700
1
340.416
214.272
310.521
652
0
345.6
214.272
316.761
652
1
356.659
215.654
326.764
1323
0
366.336
210.816
337.372
1323
1
388.8
349.056
357.501
555
0
399.168
336.96
369.384
555
1
207.36
188.352
176.52
1220
1
393.984
209.088
364.914
1314
1
93.312
335.232
64.3475
593
0
124.416
349.056
93.4563
593
1
99.36
227.52
78.1173
478
0
82.944
229.824
60.8811
478
1
58.8
213.6
38.8499
282
0
36.288
214.272
15.4003
282
1
43.2
203.904
22.8954
1406
1
470.707
172.109
439.062
761
0
478.656
172.8
449.114
761
1
511.488
155.52
481.481
1259
1
119.232
437.184
81.8488
1041
1
97.92
56.16
63.3478
463
0
115.776
50.112
80.719
463
1
485.222
381.542
451.945
1168
1
176.256
78.7968
142.271
777
0
194.918
74.6496
160.818
777
1
466.56
346.291
435.014
701
0
476.928
331.776
447.386
701
1
319.334
39.3984
285.117
1131
1
354.586
429.235
317.888
1061
1
355.83
403.108
320.68
848
0
387.763
387.763
354.122
848
1
356.659
383.616
323.381
1169
1
95.3856
323.482
67.1171
678
0
122.342
323.482
93.5032
678
1
288.23
219.802
258.579
708
0
294.451
192.845
264.556
708
1
454.118
435.456
416.84
1045
1
277.862
404.352
242.805
685
0
308.966
389.837
274.982
685
1
271.227
378.225
238.278
859
0
298.598
369.101
266.366
859
1
178.33
170.035
146.784
1202
1
493.517
161.741
463.622
1265
1
139.968
440.64
102.828
663
0
176.256
433.382
139.116
663
1
503.885
39.3984
470.607
1170
1
96.768
202.176
77.6292
576
0
93.312
201.139
73.3619
576
1
131.881
223.949
110.059
1397
1
64.6963
413.061
30.1242
814
0
94.5562
413.061
59.0322
814
1
253.809
415.549
217.837
1083
1
253.809
408.085
218.285
1101
1
286.157
218.972
256.505
821
0
301.087
213.996
271.89
821
1
522.547
413.061
486.928
1096
1
228.925
418.038
192.726
1075
1
211.507
396.058
177.172
771
0
241.367
390.666
207.266
771
1
432.968
164.229
401.197
827
0
440.433
161.741
410.312
827
1
213.996
221.461
184.344
1280
1
517.571
174.182
488.137
1296
1
174.182
418.038
138.081
1079
1
363.295
313.528
335.264
1358
1
380.713
418.038
344.742
1084
1
424.01
361.304
391.542
927
0
442.921
348.365
412.199
927
1
323.482
355.83
292.305
1208
1
505.129
47.2781
471.962
1179
1
532.501
206.531
501.896
861
0
530.012
211.507
501.863
861
1
164.229
174.182
133.052
789
0
179.159
171.694
147.613
789
1
462.828
418.038
426.13
886
0
489.701
397.136
455.367
886
1
164.229
322.486
135.39
1331
1
211.408
200.658
181.036
950
0
226.935
194.089
196.563
950
1
501.645
182.145
472.341
1300
1
355.332
322.486
326.597
1341
1
104.509
325.472
75.6702
1332
1
121.928
281.18
96.5952
1475
0
119.439
280.683
93.5159
1475
1
176.671
340.9
146.775
809
0
194.089
337.416
164.194
809
1
194.089
191.103
163.485
900
0
209.019
185.131
178.179
900
1
179.159
218.574
149.375
942
0
193.492
211.408
163.235
942
1
176.173
86.5936
142.303
939
0
197.075
75.2468
162.974
939
1
437.148
182.742
405.849
959
0
444.315
179.159
414.53
959
1
243.656
168.41
212.357
969
0
261.572
164.826
230.613
969
1
519.561
286.655
491.531
979
0
512.395
275.905
486.131
979
1
